****CPU ePerf for PID 4015113*****
time_S: 186
avgPower_W: 2.1187261146
energy_J: 394.0830573156
