****CPU ePerf for PID 2892248*****
time_S: 231
avgPower_W: 1.1029441624
energy_J: 254.7801015144
