****CPU ePerf for PID 1981634*****
time_S: 135
avgPower_W: 10.8585046728
energy_J: 1465.8981308280
