****RAM ePerf for PID 1982419*****
time_S: 134.133042280
avgPower_W: 1.5978074670
energy_J: 214.3187765302
