****RAM ePerf for PID 1757794*****
time_S: 109.103521355
avgPower_W: 8.9175702125
energy_J: 972.9383121238
