****RAM ePerf for PID 1388033*****
time_S: 460.936122308
avgPower_W: 11.3863066620
energy_J: 5248.3600402029
