****RAM ePerf for PID 1239908*****
time_S: 406.775421972
avgPower_W: 11.8166697129
energy_J: 4806.7308087892
