****RAM ePerf for PID 1237126*****
time_S: 422.886199187
avgPower_W: 11.4446664483
energy_J: 4839.7914953085
