****CPU ePerf for PID 1708546*****
time_S: 109
avgPower_W: 10.2232183908
energy_J: 1114.3308045972
