****CPU ePerf for PID 1920829*****
time_S: 135
avgPower_W: 10.1567307692
energy_J: 1371.1586538420
