****CPU ePerf for PID 1925171*****
time_S: 118
avgPower_W: 3.7042857142
energy_J: 437.1057142756
