****RAM ePerf for PID 1921670*****
time_S: 135.165927411
avgPower_W: 1.5971915519
energy_J: 215.8858773767
