****RAM ePerf for PID 1709335*****
time_S: 109.111574903
avgPower_W: 1.6001418266
energy_J: 174.5939947747
