****CPU ePerf for PID 1838110*****
time_S: 9
avgPower_W: 5.1100000000
energy_J: 45.9900000000
