****RAM ePerf for PID 888004*****
time_S: 285.306114749
avgPower_W: 7.9973995018
energy_J: 2281.7069799802
