****RAM ePerf for PID 1142922*****
time_S: 829.241307281
avgPower_W: 7.0177544170
energy_J: 5819.4118469985
