****RAM ePerf for PID 4124*****
time_S: 330.319012306
avgPower_W: 7.6575375883
energy_J: 2529.4302528759
