****RAM ePerf for PID 4818*****
time_S: 327.315765054
avgPower_W: 7.6626881522
energy_J: 2508.1186349163
