****CPU ePerf for PID 4124733*****
time_S: 325
avgPower_W: 1.2999259259
energy_J: 422.4759259175
