****RAM ePerf for PID 4124733*****
time_S: 325.304116210
avgPower_W: 1.6303188904
energy_J: 530.3494457877
