****RAM ePerf for PID 4123930*****
time_S: 326.310643448
avgPower_W: 8.6979541356
energy_J: 2838.2350106966
