****CPU ePerf for PID 3440498*****
time_S: 24
avgPower_W: 2.8000000000
energy_J: 67.2000000000
