****CPU ePerf for PID 3440498*****
time_S: 19
avgPower_W: 1.7850000000
energy_J: 33.9150000000
