****RAM ePerf for PID 3440498*****
time_S: 24.031306019
avgPower_W: 1.9988920891
energy_J: 48.0359874938
