****RAM ePerf for PID 562002*****
time_S: 2.003215237
avgPower_W: 1.5726943288
energy_J: 3.1504452426
