****RAM ePerf for PID 2713383*****
time_S: 12.015123222
avgPower_W: 1.5702078156
energy_J: 18.8662403890
