****RAM ePerf for PID 760039*****
time_S: 3.002633840
avgPower_W: 1.5724482481
energy_J: 4.7214863216
