****RAM ePerf for PID 2121941*****
time_S: 4164.009405764
avgPower_W: 1.5774434283
energy_J: 6568.4892727512
