****RAM ePerf for PID 557893*****
time_S: 8.009864045
avgPower_W: 1.5635792385
energy_J: 12.5240571244
