****RAM ePerf for PID 2645522*****
time_S: 13.011927065
avgPower_W: 1.5661437715
energy_J: 20.3785485287
