****RAM ePerf for PID 609042*****
time_S: 2.002204307
avgPower_W: 1.5696225473
energy_J: 3.1427050246
