****RAM ePerf for PID 2892983*****
time_S: 3.002489907
avgPower_W: 1.5708359100
energy_J: 4.7164189654
