****RAM ePerf for PID 687687*****
time_S: 12.011794473
avgPower_W: 1.5698265319
energy_J: 18.8564336603
