****RAM ePerf for PID 2000201*****
time_S: 21.017299087
avgPower_W: 1.5694891147
energy_J: 32.9864221386
