****RAM ePerf for PID 2418375*****
time_S: 5.006790632
avgPower_W: 1.5689882575
energy_J: 7.8555957097
