****RAM ePerf for PID 2247475*****
time_S: 7.006643431
avgPower_W: 1.5706823742
energy_J: 11.0052113397
