****RAM ePerf for PID 2303751*****
time_S: 6.006277598
avgPower_W: 1.5699126789
energy_J: 9.4293313541
