****RAM ePerf for PID 2877851*****
time_S: 8.006734266
avgPower_W: 1.5710330710
energy_J: 12.5788443231
