****RAM ePerf for PID 2292661*****
time_S: 8.007787984
avgPower_W: 1.5697923689
energy_J: 12.5705644691
