****RAM ePerf for PID 2749095*****
time_S: 15.012955497
avgPower_W: 1.5706019361
energy_J: 23.5793769706
