****RAM ePerf for PID 2489955*****
time_S: 4.003884644
avgPower_W: 1.5744462988
energy_J: 6.3039013589
