****RAM ePerf for PID 598630*****
time_S: 2.002195277
avgPower_W: 1.5692785922
energy_J: 3.1420021857
