****RAM ePerf for PID 669057*****
time_S: 2.002176897
avgPower_W: 1.5694232314
energy_J: 3.1422629356
