****RAM ePerf for PID 2454408*****
time_S: 7.008096292
avgPower_W: 1.5636856469
energy_J: 10.9584595841
