****RAM ePerf for PID 619148*****
time_S: 3.002738209
avgPower_W: 1.5719981981
energy_J: 4.7202990542
