****RAM ePerf for PID 2616807*****
time_S: 3.002514387
avgPower_W: 1.5716988489
energy_J: 4.7190484059
