****RAM ePerf for PID 735411*****
time_S: 13.015795197
avgPower_W: 1.5661531497
energy_J: 20.3847286441
