****RAM ePerf for PID 2697638*****
time_S: 8.005083053
avgPower_W: 1.5722256488
energy_J: 12.5857968973
