****RAM ePerf for PID 2318428*****
time_S: 3.003053613
avgPower_W: 1.5698018451
energy_J: 4.7141991029
