****RAM ePerf for PID 2193529*****
time_S: 15.010316552
avgPower_W: 1.5697754697
energy_J: 23.5628267160
