****RAM ePerf for PID 2791338*****
time_S: 12.015986760
avgPower_W: 1.5710656519
energy_J: 18.8779040724
