****RAM ePerf for PID 2349173*****
time_S: 8.007137600
avgPower_W: 1.5681132239
energy_J: 12.5560983564
