****RAM ePerf for PID 2506433*****
time_S: 8.005549176
avgPower_W: 1.5629910025
energy_J: 12.5126013325
