****RAM ePerf for PID 2744133*****
time_S: 9.008308724
avgPower_W: 1.5723091248
energy_J: 14.1638460061
