****RAM ePerf for PID 700305*****
time_S: 4.003502232
avgPower_W: 1.5687766270
energy_J: 6.2806007278
