****RAM ePerf for PID 2182198*****
time_S: 17.014354858
avgPower_W: 1.5704710839
energy_J: 26.7205523172
