****RAM ePerf for PID 2363813*****
time_S: 11.011471651
avgPower_W: 1.5698098707
energy_J: 17.2859168890
