****RAM ePerf for PID 755593*****
time_S: 4.004053374
avgPower_W: 1.5669808724
energy_J: 6.2742750493
