****RAM ePerf for PID 2126594*****
time_S: 11.008909338
avgPower_W: 1.5657933080
energy_J: 17.2376765705
