****RAM ePerf for PID 2461275*****
time_S: 2.002017583
avgPower_W: 1.5723647161
energy_J: 3.1479018087
