****RAM ePerf for PID 2354940*****
time_S: 11.010621202
avgPower_W: 1.5699323275
energy_J: 17.2859301717
