****RAM ePerf for PID 2524068*****
time_S: 3.003295244
avgPower_W: 1.5759672669
energy_J: 4.7330949974
