****RAM ePerf for PID 2648247*****
time_S: 9.007492558
avgPower_W: 1.5650735485
energy_J: 14.0973883416
