****RAM ePerf for PID 2900177*****
time_S: 64.054637038
avgPower_W: 1.5702520548
energy_J: 100.5819254303
