****RAM ePerf for PID 2233499*****
time_S: 14.012862847
avgPower_W: 1.5665865859
energy_J: 21.9523629664
