****RAM ePerf for PID 2900198*****
time_S: 12.010137459
avgPower_W: 1.5694406002
energy_J: 18.8491973426
