****RAM ePerf for PID 786809*****
time_S: 2.001536392
avgPower_W: 1.5724945504
energy_J: 3.1474050689
