****RAM ePerf for PID 2913143*****
time_S: 8.007304335
avgPower_W: 1.5711187216
energy_J: 12.5804257509
