****RAM ePerf for PID 2996859*****
time_S: 21.020272318
avgPower_W: 1.5702749447
energy_J: 33.0076069531
