****RAM ePerf for PID 2191169*****
time_S: 7.006433882
avgPower_W: 1.5685318841
energy_J: 10.9898149378
