****RAM ePerf for PID 2674154*****
time_S: 8.005802031
avgPower_W: 1.5702980922
energy_J: 12.5714956566
