****RAM ePerf for PID 2519900*****
time_S: 4.003286331
avgPower_W: 1.5701266167
energy_J: 6.2856664227
