****RAM ePerf for PID 2573750*****
time_S: 7.006230016
avgPower_W: 1.5621833127
energy_J: 10.9450156164
