****RAM ePerf for PID 638836*****
time_S: 2.001640430
avgPower_W: 1.5695698628
energy_J: 3.1417144951
