****RAM ePerf for PID 2720011*****
time_S: 3.002513790
avgPower_W: 1.5760726436
energy_J: 4.7321798465
