****RAM ePerf for PID 2703237*****
time_S: 2.001313729
avgPower_W: 1.5713892446
energy_J: 3.1448428689
