****RAM ePerf for PID 632774*****
time_S: 7.006960573
avgPower_W: 1.5640545579
energy_J: 10.9592686214
