****RAM ePerf for PID 2835075*****
time_S: 9.008741633
avgPower_W: 1.5715492977
energy_J: 14.1576815868
