****RAM ePerf for PID 2012139*****
time_S: 15.013567964
avgPower_W: 1.5669402674
energy_J: 23.5253642004
