****RAM ePerf for PID 754272*****
time_S: 7.005572187
avgPower_W: 1.5629081717
energy_J: 10.9490660187
