****RAM ePerf for PID 672581*****
time_S: 4.003983658
avgPower_W: 1.5723118320
energy_J: 6.2955108810
