****RAM ePerf for PID 698999*****
time_S: 2.002074726
avgPower_W: 1.5701188518
energy_J: 3.1434952702
