****RAM ePerf for PID 2254125*****
time_S: 10.009165477
avgPower_W: 1.5704932529
energy_J: 15.7193268495
