****RAM ePerf for PID 2830869*****
time_S: 7.005395082
avgPower_W: 1.5718436385
energy_J: 11.0113856953
