****RAM ePerf for PID 2439643*****
time_S: 2.002036368
avgPower_W: 1.5693442299
energy_J: 3.1418842222
