****RAM ePerf for PID 570336*****
time_S: 2.001802691
avgPower_W: 1.5699059996
energy_J: 3.1426420548
