****RAM ePerf for PID 566845*****
time_S: 7.007494153
avgPower_W: 1.5645943834
energy_J: 10.9638859936
