****RAM ePerf for PID 634021*****
time_S: 3.002969152
avgPower_W: 1.5687371088
energy_J: 4.7108691456
