****RAM ePerf for PID 585711*****
time_S: 2.002195686
avgPower_W: 1.5694774410
energy_J: 3.1424009618
