****RAM ePerf for PID 2084738*****
time_S: 81.075867898
avgPower_W: 9.5960439560
energy_J: 778.0075921256
