****RAM ePerf for PID 1899692*****
time_S: 145.221906190
avgPower_W: 8.8908451191
energy_J: 1291.1454758381
