****RAM ePerf for PID 3849460*****
time_S: 29.026188941
avgPower_W: 1.5685156403
energy_J: 45.5280313344
