****RAM ePerf for PID 1389849*****
time_S: 7.029361919
avgPower_W: 1.5702233647
energy_J: 11.0376683243
