****RAM ePerf for PID 3672320*****
time_S: 1325.302409178
avgPower_W: 1.5788347627
energy_J: 2092.4335147240
