****RAM ePerf for PID 54013*****
time_S: 7.005153375
avgPower_W: 1.5702345366
energy_J: 10.9997337639
