****RAM ePerf for PID 1217953*****
time_S: 553.171433493
avgPower_W: 1.5786156892
energy_J: 873.2451037774
