****RAM ePerf for PID 4190919*****
time_S: 14.028466691
avgPower_W: 1.5668303865
energy_J: 21.9802278882
