****RAM ePerf for PID 3649211*****
time_S: 1782.504311503
avgPower_W: 1.5749128003
energy_J: 2807.2888568674
