****RAM ePerf for PID 4007924*****
time_S: 2.002038536
avgPower_W: 1.5699158795
energy_J: 3.1430320892
