****RAM ePerf for PID 3932418*****
time_S: 12.011388311
avgPower_W: 1.5655007891
energy_J: 18.8038378802
