****RAM ePerf for PID 3864607*****
time_S: 45.058191579
avgPower_W: 1.5709090832
energy_J: 70.7823224250
