****RAM ePerf for PID 3925589*****
time_S: 16.014891334
avgPower_W: 1.5712317821
energy_J: 25.1631062522
