****RAM ePerf for PID 3889416*****
time_S: 10.019638493
avgPower_W: 1.5705835749
energy_J: 15.7366796443
