****RAM ePerf for PID 1248354*****
time_S: 7.006555120
avgPower_W: 1.5671252134
energy_J: 10.9801491883
