****RAM ePerf for PID 4126899*****
time_S: 12.010685280
avgPower_W: 1.5699217787
energy_J: 18.8558363986
