****RAM ePerf for PID 3652854*****
time_S: 7.019126673
avgPower_W: 1.5707528484
energy_J: 11.0253132149
