****RAM ePerf for PID 3693764*****
time_S: 4.003651827
avgPower_W: 1.5703295082
energy_J: 6.2870526045
