****RAM ePerf for PID 3936112*****
time_S: 5.004283865
avgPower_W: 1.5749834482
energy_J: 7.8816642575
