****RAM ePerf for PID 3660585*****
time_S: 13.011530799
avgPower_W: 1.5702806489
energy_J: 20.4317550265
