****RAM ePerf for PID 3712359*****
time_S: 8.007275599
avgPower_W: 1.5709567094
energy_J: 12.5790833266
