****RAM ePerf for PID 3763516*****
time_S: 9.005314427
avgPower_W: 1.5697180736
energy_J: 14.1358048152
