****RAM ePerf for PID 3902712*****
time_S: 13.011351521
avgPower_W: 1.5665109866
energy_J: 20.3824251092
