****RAM ePerf for PID 3727199*****
time_S: 5.012459919
avgPower_W: 1.5715931007
energy_J: 7.8775474265
