****RAM ePerf for PID 4189561*****
time_S: 29.031814468
avgPower_W: 1.5701390565
energy_J: 45.5839857784
