****RAM ePerf for PID 1367388*****
time_S: 7.006726023
avgPower_W: 1.5703028217
energy_J: 11.0026816454
