****RAM ePerf for PID 3850962*****
time_S: 7.004589662
avgPower_W: 1.5697762502
energy_J: 10.9956384942
