****RAM ePerf for PID 3952290*****
time_S: 9.008935344
avgPower_W: 1.5708314357
energy_J: 14.1515188406
