****RAM ePerf for PID 4185688*****
time_S: 12.010050940
avgPower_W: 1.5654040802
energy_J: 18.8005827449
