****RAM ePerf for PID 3671302*****
time_S: 1328.135604848
avgPower_W: 1.6212237840
energy_J: 2153.2050309869
