****RAM ePerf for PID 3918739*****
time_S: 21.018418153
avgPower_W: 1.5682036941
energy_J: 32.9611609936
