****RAM ePerf for PID 3975761*****
time_S: 43.039501657
avgPower_W: 1.5669402152
energy_J: 67.4403259915
