****RAM ePerf for PID 4020800*****
time_S: 11.049985077
avgPower_W: 1.5701351995
energy_J: 17.3499705237
