****RAM ePerf for PID 3854826*****
time_S: 8.007655170
avgPower_W: 1.5709579577
energy_J: 12.5796896125
