****RAM ePerf for PID 3917937*****
time_S: 9.008383843
avgPower_W: 1.5694625649
energy_J: 14.1383212123
