****RAM ePerf for PID 1329309*****
time_S: 13.015524778
avgPower_W: 1.5704910436
energy_J: 20.4407650921
