****RAM ePerf for PID 3833667*****
time_S: 20.027951608
avgPower_W: 1.5680208498
energy_J: 31.4042457015
