****RAM ePerf for PID 3961686*****
time_S: 11.009071961
avgPower_W: 1.5636701092
energy_J: 17.2145567555
