****RAM ePerf for PID 3948195*****
time_S: 6.005347933
avgPower_W: 1.5701350184
energy_J: 9.4292070876
