****RAM ePerf for PID 3956903*****
time_S: 1.000485721
avgPower_W: 1.5791339940
energy_J: 1.5799010126
