****RAM ePerf for PID 3794536*****
time_S: 2.001145977
avgPower_W: 1.5792380660
energy_J: 3.1602859026
