****RAM ePerf for PID 3678504*****
time_S: 14.012566050
avgPower_W: 1.5705629217
energy_J: 22.0076166774
