****RAM ePerf for PID 3854889*****
time_S: 7.008977195
avgPower_W: 1.5711832191
energy_J: 11.0123873524
