****RAM ePerf for PID 3916572*****
time_S: 11.009826847
avgPower_W: 1.5699153317
energy_J: 17.2844959672
