****RAM ePerf for PID 4067920*****
time_S: 16.017247040
avgPower_W: 1.5680651134
energy_J: 25.1160862967
