****RAM ePerf for PID 3822512*****
time_S: 7.005277688
avgPower_W: 1.5701448124
energy_J: 10.9993004219
