****RAM ePerf for PID 3649352*****
time_S: 7.005359003
avgPower_W: 1.5647040506
energy_J: 10.9613136082
