****RAM ePerf for PID 3909589*****
time_S: 11.016344341
avgPower_W: 1.5659814333
energy_J: 17.2513907013
