****RAM ePerf for PID 3791858*****
time_S: 8.005224876
avgPower_W: 1.5704028622
energy_J: 12.5714280586
