****RAM ePerf for PID 34455*****
time_S: 14.012745247
avgPower_W: 1.5711773700
energy_J: 22.0165082239
