****RAM ePerf for PID 3751969*****
time_S: 12.014851749
avgPower_W: 1.5700693731
energy_J: 18.8641507540
