****RAM ePerf for PID 29693*****
time_S: 8.009898764
avgPower_W: 1.5697686289
energy_J: 12.5736878004
