****RAM ePerf for PID 3728486*****
time_S: 4.003208154
avgPower_W: 1.5700590110
energy_J: 6.2852730354
