****RAM ePerf for PID 3688306*****
time_S: 49.075182956
avgPower_W: 1.5699115191
energy_J: 77.0436950247
