****RAM ePerf for PID 3772336*****
time_S: 13.011812629
avgPower_W: 1.5673321930
energy_J: 20.3938328232
