****RAM ePerf for PID 3962843*****
time_S: 20.017506237
avgPower_W: 1.5654305224
energy_J: 31.3360152459
