****RAM ePerf for PID 3862928*****
time_S: 8.006493684
avgPower_W: 1.5704276609
energy_J: 12.5736191489
