****RAM ePerf for PID 4058461*****
time_S: 11.012770249
avgPower_W: 1.5693236415
energy_J: 17.2826007106
