****RAM ePerf for PID 3824657*****
time_S: 14.014447814
avgPower_W: 1.5700554135
energy_J: 22.0034596578
