****RAM ePerf for PID 3810555*****
time_S: 4.003860727
avgPower_W: 1.5718708762
energy_J: 6.2935520694
