****RAM ePerf for PID 3927102*****
time_S: 13.012188985
avgPower_W: 1.5689315468
energy_J: 20.4152337921
