****RAM ePerf for PID 3673806*****
time_S: 6.005635158
avgPower_W: 1.5702793658
energy_J: 9.4305249672
