****RAM ePerf for PID 1253425*****
time_S: 6.005371657
avgPower_W: 1.5703266866
energy_J: 9.4303953763
