****RAM ePerf for PID 3819349*****
time_S: 7.006963412
avgPower_W: 1.5718966508
energy_J: 11.0142223200
