****RAM ePerf for PID 3906494*****
time_S: 10.009861136
avgPower_W: 1.5658430219
energy_J: 15.6738712100
