****RAM ePerf for PID 3867164*****
time_S: 9.007731461
avgPower_W: 1.5705197947
energy_J: 14.1468205655
