****RAM ePerf for PID 1266721*****
time_S: 7.023157625
avgPower_W: 1.5679048175
energy_J: 11.0116426743
