****RAM ePerf for PID 3841964*****
time_S: 11.009798196
avgPower_W: 1.5702071305
energy_J: 17.2876636331
