****RAM ePerf for PID 3688344*****
time_S: 5.004690497
avgPower_W: 1.5704918370
energy_J: 7.8598255726
