****RAM ePerf for PID 3716887*****
time_S: 9.007064033
avgPower_W: 1.5702718586
energy_J: 14.1435391797
