****RAM ePerf for PID 3980868*****
time_S: 75.067896126
avgPower_W: 1.5682742498
energy_J: 117.7270484878
