****RAM ePerf for PID 3846751*****
time_S: 2.007192512
avgPower_W: 1.5796461570
energy_J: 3.1706539380
