****RAM ePerf for PID 3802202*****
time_S: 17.049007687
avgPower_W: 1.5676327516
energy_J: 26.7265828326
