****RAM ePerf for PID 3994596*****
time_S: 7.009801703
avgPower_W: 1.5708137529
energy_J: 11.0110929208
