****RAM ePerf for PID 3890869*****
time_S: 7.006097597
avgPower_W: 1.5706938249
energy_J: 11.0044342324
