****RAM ePerf for PID 3889870*****
time_S: 7.005988794
avgPower_W: 1.5652020059
energy_J: 10.9657877141
