****RAM ePerf for PID 3732357*****
time_S: 41.036180323
avgPower_W: 1.5700641974
energy_J: 64.4294375240
