****RAM ePerf for PID 3744360*****
time_S: 10.010188360
avgPower_W: 1.5701155464
energy_J: 15.7171523667
