****RAM ePerf for PID 4053928*****
time_S: 52.042056519
avgPower_W: 1.5700419571
energy_J: 81.7082122709
