****RAM ePerf for PID 58678*****
time_S: 11.010302316
avgPower_W: 1.5699995424
energy_J: 17.2861695987
