****CPU ePerf for PID 3934974*****
time_S: 50
avgPower_W: 11.4695000000
energy_J: 573.4750000000
