****CPU ePerf for PID 3935884*****
time_S: 48
avgPower_W: 2.5439024390
energy_J: 122.1073170720
