****RAM ePerf for PID 3935884*****
time_S: 49.044331612
avgPower_W: 1.8736140548
energy_J: 91.8901490187
