****CPU ePerf for PID 3966382*****
time_S: 186
avgPower_W: 2.0846451612
energy_J: 387.7439999832
