****CPU ePerf for PID 2843750*****
time_S: 233
avgPower_W: 10.6240217391
energy_J: 2475.3970652103
