****CPU ePerf for PID 3955944*****
time_S: 237
avgPower_W: 11.5768648648
energy_J: 2743.7169729576
