****CPU ePerf for PID 3956774*****
time_S: 236
avgPower_W: 1.1747208121
energy_J: 277.2341116556
