****CPU ePerf for PID 3955944*****
time_S: 238
avgPower_W: 11.0198918918
energy_J: 2622.7342702484
