****RAM ePerf for PID 3956774*****
time_S: 236.220079051
avgPower_W: 1.6256789118
energy_J: 384.0180010594
