****RAM ePerf for PID 2572082*****
time_S: 1754.902141950
avgPower_W: 15.9007256800
energy_J: 27904.2175544913
