****RAM ePerf for PID 2574251*****
time_S: 1728.855090685
avgPower_W: 15.6769221888
energy_J: 27103.1267324562
