****RAM ePerf for PID 2398963*****
time_S: 1424.937421449
avgPower_W: 15.3336117042
energy_J: 21849.4371232861
