****RAM ePerf for PID 2398963*****
time_S: 1424.937421449
avgPower_W: 1.5617409284
energy_J: 2225.3830914928
