****RAM ePerf for PID 2401201*****
time_S: 1383.840614426
avgPower_W: 14.6716319043
energy_J: 20303.2001092132
