****CPU ePerf for PID 3800425*****
time_S: 179
avgPower_W: 3.6191891891
energy_J: 647.8348648489
