****CPU ePerf for PID 2675778*****
time_S: 117
avgPower_W: 9.8000000000
energy_J: 1146.6000000000
