****RAM ePerf for PID 3790731*****
time_S: 228.219944475
avgPower_W: 1.6269934538
energy_J: 371.3123557035
