****RAM ePerf for PID 3789967*****
time_S: 229.227183824
avgPower_W: 8.8672075509
energy_J: 2032.6050152824
