****CPU ePerf for PID 1841152*****
time_S: 119
avgPower_W: 2.0970212765
energy_J: 249.5455319035
