****CPU ePerf for PID 1836575*****
time_S: 132
avgPower_W: 11.5651546391
energy_J: 1526.6004123612
