****CPU ePerf for PID 2066330*****
time_S: 63
avgPower_W: 2.2221818181
energy_J: 139.9974545403
