****CPU ePerf for PID 2062106*****
time_S: 80
avgPower_W: 12.1354545454
energy_J: 970.8363636320
