****RAM ePerf for PID 2066330*****
time_S: 64.056712061
avgPower_W: 1.8391901413
energy_J: 117.8124733127
