****RAM ePerf for PID 1932630*****
time_S: 1599.119580244
avgPower_W: 13.4373447599
energy_J: 21487.9211120777
