****RAM ePerf for PID 1901764*****
time_S: 2019.143011228
avgPower_W: 13.2716349912
energy_J: 26797.3290402451
