****RAM ePerf for PID 1930499*****
time_S: 1634.217218491
avgPower_W: 13.8235527566
energy_J: 22590.6879356304
