****RAM ePerf for PID 1899636*****
time_S: 2054.206447750
avgPower_W: 13.6682596249
energy_J: 28077.4270511370
