****CPU ePerf for PID 1828922*****
time_S: 9
avgPower_W: 4.3400000000
energy_J: 39.0600000000
