****CPU ePerf for PID 1676488*****
time_S: 8
avgPower_W: 3.7800000000
energy_J: 30.2400000000
