****CPU ePerf for PID 1828922*****
time_S: 7
avgPower_W: 2.3800000000
energy_J: 16.6600000000
