****CPU ePerf for PID 206293*****
time_S: 280
avgPower_W: 1.3711587982
energy_J: 383.9244634960
