****CPU ePerf for PID 115895*****
time_S: 79
avgPower_W: 11.5350819672
energy_J: 911.2714754088
