****CPU ePerf for PID 115895*****
time_S: 79
avgPower_W: 10.8649180327
energy_J: 858.3285245833
