****RAM ePerf for PID 1070313*****
time_S: 100.181454592
avgPower_W: 19.1904799912
energy_J: 1922.5301998394
