****RAM ePerf for PID 116702*****
time_S: 108.103084283
avgPower_W: 17.8220661064
energy_J: 1926.6203144076
