****CPU ePerf for PID 2017008*****
time_S: 118
avgPower_W: 3.9128571428
energy_J: 461.7171428504
