****RAM ePerf for PID 2966515*****
time_S: 1179.613260557
avgPower_W: 14.7469194054
energy_J: 17395.6616830375
