****RAM ePerf for PID 2963612*****
time_S: 1312.848954169
avgPower_W: 1.5609611286
energy_J: 2049.3061852265
