****RAM ePerf for PID 2965517*****
time_S: 1258.490404761
avgPower_W: 15.2508832157
energy_J: 19193.0901911102
