****RAM ePerf for PID 2966013*****
time_S: 1211.000299178
avgPower_W: 15.0472961023
energy_J: 18222.2800817935
