****RAM ePerf for PID 2965515*****
time_S: 1263.645819253
avgPower_W: 15.3157002353
energy_J: 19353.6205713544
