****RAM ePerf for PID 2972997*****
time_S: 1164.684915858
avgPower_W: 14.7471206545
energy_J: 17175.7489786476
