****RAM ePerf for PID 2965523*****
time_S: 1253.859159861
avgPower_W: 15.1922917853
energy_J: 19048.9942143539
