****RAM ePerf for PID 2966011*****
time_S: 1217.563666214
avgPower_W: 15.0374996494
energy_J: 18309.1132039284
