****RAM ePerf for PID 2965507*****
time_S: 1268.456547081
avgPower_W: 15.1166735587
energy_J: 19174.8435457407
