****RAM ePerf for PID 2963441*****
time_S: 1322.792889479
avgPower_W: 16.1060388127
energy_J: 21304.9536192255
