****RAM ePerf for PID 2972996*****
time_S: 1170.720920273
avgPower_W: 14.7245913172
energy_J: 17238.3870975608
