****RAM ePerf for PID 2963584*****
time_S: 1317.760769119
avgPower_W: 1.5616340588
energy_J: 2057.8600985276
