****RAM ePerf for PID 3135704*****
time_S: 1550.732996694
avgPower_W: 16.9449770711
energy_J: 26277.1350724127
