****RAM ePerf for PID 2965553*****
time_S: 1247.548888537
avgPower_W: 15.2079232322
energy_J: 18972.6277253943
