****RAM ePerf for PID 2973651*****
time_S: 1138.737556508
avgPower_W: 14.6342844303
energy_J: 16664.6092934601
