****RAM ePerf for PID 2965522*****
time_S: 1255.852494761
avgPower_W: 15.2487004062
energy_J: 19150.1184469931
