****RAM ePerf for PID 2966300*****
time_S: 1191.633966186
avgPower_W: 14.9475401276
energy_J: 17811.9965270636
