****RAM ePerf for PID 2973001*****
time_S: 1153.269686498
avgPower_W: 14.7041074176
energy_J: 16957.8013518104
