****RAM ePerf for PID 2965565*****
time_S: 1241.407814922
avgPower_W: 15.1954635445
energy_J: 18863.7671955862
