****RAM ePerf for PID 2973002*****
time_S: 1144.440825234
avgPower_W: 14.6586942891
energy_J: 16776.0081891674
