****RAM ePerf for PID 2966299*****
time_S: 1195.580953230
avgPower_W: 14.9070997573
energy_J: 17822.6445377659
