****RAM ePerf for PID 2966301*****
time_S: 1188.030303708
avgPower_W: 14.8455863947
energy_J: 17637.0065132625
