****RAM ePerf for PID 2966012*****
time_S: 1214.038426239
avgPower_W: 15.0087610944
energy_J: 18221.2126989009
