****RAM ePerf for PID 2972994*****
time_S: 1174.539895514
avgPower_W: 14.7997049581
energy_J: 17382.8439152079
