****RAM ePerf for PID 2965603*****
time_S: 1223.860218189
avgPower_W: 15.1462649160
energy_J: 18536.9110849491
