****RAM ePerf for PID 2966297*****
time_S: 1199.513970286
avgPower_W: 14.9460135988
energy_J: 17927.9521118981
