****RAM ePerf for PID 2965569*****
time_S: 1232.691055458
avgPower_W: 15.1719064781
energy_J: 18702.2734099119
