****RAM ePerf for PID 2965555*****
time_S: 1245.037123455
avgPower_W: 15.1918690170
energy_J: 18914.4409008874
