****RAM ePerf for PID 2966010*****
time_S: 1220.871028503
avgPower_W: 15.1133016608
energy_J: 18451.3921427965
