****RAM ePerf for PID 2965516*****
time_S: 1261.849254908
avgPower_W: 15.2972862312
energy_J: 19302.8692330734
