****RAM ePerf for PID 2965570*****
time_S: 1229.013721088
avgPower_W: 15.1214649274
energy_J: 18584.4878787305
