****RAM ePerf for PID 2966508*****
time_S: 1183.703482414
avgPower_W: 14.8347607411
energy_J: 17559.9579501096
