****RAM ePerf for PID 2972998*****
time_S: 1158.434775750
avgPower_W: 14.7511552206
energy_J: 17088.2511901233
