****RAM ePerf for PID 2965512*****
time_S: 1266.744676310
avgPower_W: 15.2353818892
energy_J: 19299.3388997121
