****RAM ePerf for PID 2965549*****
time_S: 1250.964178516
avgPower_W: 15.1599945182
energy_J: 18964.6100888589
