****RAM ePerf for PID 2963585*****
time_S: 1316.778372334
avgPower_W: 1.5618668094
energy_J: 2056.6324350965
