****RAM ePerf for PID 2965597*****
time_S: 1225.638457768
avgPower_W: 15.1293489783
energy_J: 18543.1119488785
