****RAM ePerf for PID 2965568*****
time_S: 1235.414173432
avgPower_W: 15.1440149344
energy_J: 18709.1306927323
