****RAM ePerf for PID 2963628*****
time_S: 1301.658925434
avgPower_W: 1.5609293541
energy_J: 2031.7976257388
