****RAM ePerf for PID 2965566*****
time_S: 1238.375526428
avgPower_W: 15.1602251298
energy_J: 18774.0517759516
