****RAM ePerf for PID 2966279*****
time_S: 1207.895003314
avgPower_W: 14.9716686510
energy_J: 18084.2037548388
