****RAM ePerf for PID 2966295*****
time_S: 1203.419661230
avgPower_W: 14.9505359445
energy_J: 17991.7689015937
