****CPU ePerf for PID 2103278*****
time_S: 81
avgPower_W: 11.1215151515
energy_J: 900.8427272715
