****RAM ePerf for PID 2107629*****
time_S: 63.057770030
avgPower_W: 1.8422318376
energy_J: 116.1670315585
