****CPU ePerf for PID 2377910*****
time_S: 626
avgPower_W: 6.5155555555
energy_J: 4078.7377777430
