****RAM ePerf for PID 2880235*****
time_S: 1027.969010287
avgPower_W: 14.9484823496
energy_J: 15366.5766062418
