****CPU ePerf for PID 1860239*****
time_S: 154
avgPower_W: 8.7167676767
energy_J: 1342.3822222118
