****RAM ePerf for PID 1683685*****
time_S: 122.168305426
avgPower_W: 1.5951747268
energy_J: 194.8797932434
