****RAM ePerf for PID 1860239*****
time_S: 154.202127155
avgPower_W: 8.1591380426
energy_J: 1258.1564419279
