****RAM ePerf for PID 673921*****
time_S: 17.014410547
avgPower_W: 1.5640825940
energy_J: 26.6119433845
