****RAM ePerf for PID 153243*****
time_S: 7.006554822
avgPower_W: 1.5672014252
energy_J: 10.9806827032
