****RAM ePerf for PID 702607*****
time_S: 7.007436027
avgPower_W: 1.5706066327
energy_J: 11.0059255026
