****RAM ePerf for PID 591040*****
time_S: 8.008035868
avgPower_W: 1.5696173158
energy_J: 12.5695517644
