****RAM ePerf for PID 388009*****
time_S: 4.004952793
avgPower_W: 1.5711057797
energy_J: 6.2922044806
