****RAM ePerf for PID 631395*****
time_S: 7.005956083
avgPower_W: 1.5621366071
energy_J: 10.9442604654
