****RAM ePerf for PID 322692*****
time_S: 7.005692876
avgPower_W: 1.5704474007
energy_J: 11.0020721677
