****RAM ePerf for PID 488050*****
time_S: 5.004496935
avgPower_W: 1.5703802353
energy_J: 7.8589630746
