****RAM ePerf for PID 383165*****
time_S: 49.062678708
avgPower_W: 1.5689222904
energy_J: 76.9755302547
