****RAM ePerf for PID 502530*****
time_S: 690.805861192
avgPower_W: 1.6036468389
energy_J: 1107.8086356527
