****RAM ePerf for PID 553340*****
time_S: 13.011221283
avgPower_W: 1.5669310552
energy_J: 20.3876866953
