****RAM ePerf for PID 525004*****
time_S: 10.009736209
avgPower_W: 1.5703431663
energy_J: 15.7187208524
