****RAM ePerf for PID 587635*****
time_S: 8.007139304
avgPower_W: 1.5705799123
energy_J: 12.5758521459
