****RAM ePerf for PID 427267*****
time_S: 23.023126422
avgPower_W: 1.5697103872
energy_J: 36.1396406917
