****RAM ePerf for PID 159882*****
time_S: 2.001152353
avgPower_W: 1.5688813364
energy_J: 3.1395705781
