****RAM ePerf for PID 200482*****
time_S: 4.003618598
avgPower_W: 1.5721817707
energy_J: 6.2944161767
