****RAM ePerf for PID 204981*****
time_S: 8.007347338
avgPower_W: 1.5687795402
energy_J: 12.5617626755
