****RAM ePerf for PID 209126*****
time_S: 8.007417247
avgPower_W: 1.5655082373
energy_J: 12.5356776604
