****SD ePerf for PID 387998*****
time_S: 5
avgPower_W: 12.3805981250
energy_J: 61.9029906250
