****RAM ePerf for PID 1299746*****
time_S: 1254.113908115
avgPower_W: 7.7017136845
energy_J: 9658.8262480943
