****RAM ePerf for PID 288966*****
time_S: 7.007261296
avgPower_W: 1.5699746342
energy_J: 11.0012224901
