****RAM ePerf for PID 775132*****
time_S: 6.005213353
avgPower_W: 1.5627778104
energy_J: 9.3848141752
