****RAM ePerf for PID 807620*****
time_S: 3.002836045
avgPower_W: 1.5710716919
energy_J: 4.7176707058
