****RAM ePerf for PID 858763*****
time_S: 9.023877005
avgPower_W: 1.5694528002
energy_J: 14.1625490344
