****RAM ePerf for PID 581224*****
time_S: 11.000943475
avgPower_W: 1.5698685743
energy_J: 17.2700354496
