****RAM ePerf for PID 283918*****
time_S: 8.007870515
avgPower_W: 1.5694272477
energy_J: 12.5677701824
