****RAM ePerf for PID 579223*****
time_S: 487.730300783
avgPower_W: 1.5746012883
energy_J: 767.9807599995
