****RAM ePerf for PID 757342*****
time_S: 9.007808024
avgPower_W: 1.5702286364
energy_J: 14.1443181106
