****RAM ePerf for PID 683663*****
time_S: 14.039294243
avgPower_W: 1.5701586442
energy_J: 22.0439192152
