****RAM ePerf for PID 610337*****
time_S: 6.005026905
avgPower_W: 1.5697693403
energy_J: 9.4265071237
