****RAM ePerf for PID 627486*****
time_S: 13.011835383
avgPower_W: 1.5697047026
energy_J: 20.4247391904
