****RAM ePerf for PID 879970*****
time_S: 25.021866255
avgPower_W: 1.5697086023
energy_J: 39.2770387078
