****CPU ePerf for PID 3862253*****
time_S: 17
avgPower_W: 1.6100000000
energy_J: 27.3700000000
