****CPU ePerf for PID 3422438*****
time_S: 18
avgPower_W: 1.5750000000
energy_J: 28.3500000000
