****CPU ePerf for PID 3422438*****
time_S: 23
avgPower_W: 2.7440000000
energy_J: 63.1120000000
