****RAM ePerf for PID 3862253*****
time_S: 16.021419482
avgPower_W: 2.1803190493
energy_J: 34.9318060948
