****CPU ePerf for PID 2636898*****
time_S: 14
avgPower_W: 3.4860000000
energy_J: 48.8040000000
