****CPU ePerf for PID 2636898*****
time_S: 12
avgPower_W: 3.7644444444
energy_J: 45.1733333328
