****RAM ePerf for PID 3322670*****
time_S: 14.024886129
avgPower_W: 2.0141832348
energy_J: 28.2486905121
