****CPU ePerf for PID 3293674*****
time_S: 20
avgPower_W: 4.5500000000
energy_J: 91.0000000000
