****CPU ePerf for PID 3293674*****
time_S: 15
avgPower_W: 1.8666666666
energy_J: 27.9999999990
