****RAM ePerf for PID 3293674*****
time_S: 16.027570463
avgPower_W: 1.9689296122
energy_J: 31.5571580975
