****CPU ePerf for PID 3365882*****
time_S: 27
avgPower_W: 3.5933333333
energy_J: 97.0199999991
