****CPU ePerf for PID 3365882*****
time_S: 22
avgPower_W: 1.6800000000
energy_J: 36.9600000000
