****RAM ePerf for PID 3806997*****
time_S: 24.036946496
avgPower_W: 1.9893569120
energy_J: 47.8180656557
