****CPU ePerf for PID 3596602*****
time_S: 229
avgPower_W: 10.0231683168
energy_J: 2295.3055445472
