****CPU ePerf for PID 3596602*****
time_S: 231
avgPower_W: 11.0119607843
energy_J: 2543.7629411733
