****RAM ePerf for PID 3596602*****
time_S: 230.263546645
avgPower_W: 8.8057789987
energy_J: 2027.6499032326
