****RAM ePerf for PID 3653554*****
time_S: 178.167395590
avgPower_W: 1.9295360456
energy_J: 343.7804119580
