****RAM ePerf for PID 3597996*****
time_S: 229.256689735
avgPower_W: 1.6349599608
energy_J: 374.8255084803
