****RAM ePerf for PID 662154*****
time_S: 14.015158038
avgPower_W: 1.5700331955
energy_J: 22.0042633601
