****RAM ePerf for PID 674869*****
time_S: 13.015784197
avgPower_W: 1.5678939150
energy_J: 20.4073688419
