****RAM ePerf for PID 574330*****
time_S: 5.004164355
avgPower_W: 1.5712274279
energy_J: 7.8626802883
