****RAM ePerf for PID 559127*****
time_S: 5.004307525
avgPower_W: 1.5710224642
energy_J: 7.8618795399
