****RAM ePerf for PID 550498*****
time_S: 18.017190554
avgPower_W: 1.5699168549
energy_J: 28.2854911302
