****RAM ePerf for PID 521693*****
time_S: 20.020031002
avgPower_W: 1.5699824310
energy_J: 31.4310969417
