****RAM ePerf for PID 734830*****
time_S: 7.006936917
avgPower_W: 1.5672247451
energy_J: 10.9814449238
