****RAM ePerf for PID 666366*****
time_S: 7.006410969
avgPower_W: 1.5699064363
energy_J: 10.9994096762
