****RAM ePerf for PID 388826*****
time_S: 868.416951989
avgPower_W: 1.5772980516
energy_J: 1369.7523664134
