****RAM ePerf for PID 662981*****
time_S: 7.005957238
avgPower_W: 1.5714023906
energy_J: 11.0091779525
