****RAM ePerf for PID 589957*****
time_S: 7.027089450
avgPower_W: 1.5697287121
energy_J: 11.0306240724
