****RAM ePerf for PID 531110*****
time_S: 4.003588048
avgPower_W: 1.5701742624
energy_J: 6.2863309106
