****RAM ePerf for PID 542045*****
time_S: 17.028629040
avgPower_W: 1.5696405349
energy_J: 26.7288263957
