****RAM ePerf for PID 487024*****
time_S: 9.009489961
avgPower_W: 1.5700460569
energy_J: 14.1453141887
