****RAM ePerf for PID 460345*****
time_S: 14.017292706
avgPower_W: 1.5696775116
energy_J: 22.0026291351
