****RAM ePerf for PID 644734*****
time_S: 7.005750468
avgPower_W: 1.5696119138
energy_J: 10.9963093999
