****RAM ePerf for PID 405161*****
time_S: 11.009682652
avgPower_W: 1.5670755970
energy_J: 17.2530050154
