****RAM ePerf for PID 521273*****
time_S: 14.012624726
avgPower_W: 1.5675894802
energy_J: 21.9660431110
