****RAM ePerf for PID 557365*****
time_S: 13.010972158
avgPower_W: 1.5697858097
energy_J: 20.4244394652
