****RAM ePerf for PID 626979*****
time_S: 29.028011335
avgPower_W: 1.5701521782
energy_J: 45.5783952267
