****RAM ePerf for PID 438651*****
time_S: 7.041503252
avgPower_W: 1.5669020256
energy_J: 11.0333457090
