****RAM ePerf for PID 721762*****
time_S: 4.005624560
avgPower_W: 1.5719048221
energy_J: 6.2964605616
