****RAM ePerf for PID 517331*****
time_S: 4.013103526
avgPower_W: 1.5749973636
energy_J: 6.3206274736
