****RAM ePerf for PID 562527*****
time_S: 7.030829221
avgPower_W: 1.5730936830
energy_J: 11.0601530342
