****RAM ePerf for PID 532784*****
time_S: 7.008169014
avgPower_W: 1.5697499173
energy_J: 11.0010727302
