****RAM ePerf for PID 464867*****
time_S: 966.431185302
avgPower_W: 1.5761134288
energy_J: 1523.2051692288
