****RAM ePerf for PID 599193*****
time_S: 11.023141316
avgPower_W: 1.5685222474
energy_J: 17.2900423908
