****RAM ePerf for PID 753087*****
time_S: 13.011797931
avgPower_W: 1.5639912150
energy_J: 20.3503376559
