****RAM ePerf for PID 680945*****
time_S: 58.058969348
avgPower_W: 1.5700740006
energy_J: 91.1568782789
