****CPU ePerf for PID 1429337*****
time_S: 1285
avgPower_W: 16.9660146699
energy_J: 21801.3288508215
