****RAM ePerf for PID 1429337*****
time_S: 1285.606400275
avgPower_W: 11.9747644631
energy_J: 15394.8338356515
