****RAM ePerf for PID 1426831*****
time_S: 1298.328824360
avgPower_W: 1.5613556503
energy_J: 2027.1530459625
