****CPU ePerf for PID 1806155*****
time_S: 133
avgPower_W: 11.4342857142
energy_J: 1520.7599999886
