****RAM ePerf for PID 2048258*****
time_S: 63.061932111
avgPower_W: 1.8386474547
energy_J: 115.9486609691
