****RAM ePerf for PID 1806155*****
time_S: 135.171170643
avgPower_W: 9.0252907722
energy_J: 1219.9591190746
