****RAM ePerf for PID 3199397*****
time_S: 2.000793408
avgPower_W: 1.5711819368
energy_J: 3.1436104620
