****RAM ePerf for PID 3524305*****
time_S: 51.049232538
avgPower_W: 1.5698608705
energy_J: 80.1401926325
