****RAM ePerf for PID 1067701*****
time_S: 27.045332537
avgPower_W: 1.5612364492
energy_J: 42.2241589383
