****RAM ePerf for PID 3448160*****
time_S: 8.009091081
avgPower_W: 1.5700832776
energy_J: 12.5749399752
