****RAM ePerf for PID 3010175*****
time_S: 2048.504201025
avgPower_W: 1.5600637019
energy_J: 3195.7970473089
