****RAM ePerf for PID 1067930*****
time_S: 26.024239507
avgPower_W: 1.5613965116
energy_J: 40.6341567838
