****RAM ePerf for PID 3523071*****
time_S: 8.007733033
avgPower_W: 1.5653774658
energy_J: 12.5351248422
