****RAM ePerf for PID 1089721*****
time_S: 7.007035036
avgPower_W: 1.5642263834
energy_J: 10.9605890732
