****RAM ePerf for PID 3074825*****
time_S: 7.006011921
avgPower_W: 1.5657111080
energy_J: 10.9693906877
