****RAM ePerf for PID 3357473*****
time_S: 4.005810156
avgPower_W: 1.5700245776
energy_J: 6.2892203982
