****RAM ePerf for PID 3203449*****
time_S: 11.011050901
avgPower_W: 1.5701379751
energy_J: 17.2888691659
