****RAM ePerf for PID 3317957*****
time_S: 37.051442706
avgPower_W: 1.5703647961
energy_J: 58.1842812708
