****RAM ePerf for PID 958272*****
time_S: 2.011742737
avgPower_W: 1.5728294787
energy_J: 3.1641282804
