****RAM ePerf for PID 3358656*****
time_S: 8.007370098
avgPower_W: 1.5693588517
energy_J: 12.5664371423
