****RAM ePerf for PID 3458067*****
time_S: 44.045667983
avgPower_W: 1.5688366579
energy_J: 69.1004585553
