****RAM ePerf for PID 3476020*****
time_S: 11.016442762
avgPower_W: 1.5699235084
energy_J: 17.2949724720
