****RAM ePerf for PID 3306801*****
time_S: 2.001785233
avgPower_W: 1.5766191824
energy_J: 3.1560529974
