****RAM ePerf for PID 3430139*****
time_S: 3.002240770
avgPower_W: 1.5721243525
energy_J: 4.7198958268
