****RAM ePerf for PID 3195563*****
time_S: 10.017053617
avgPower_W: 1.5704044980
energy_J: 15.7308260576
