****RAM ePerf for PID 3605342*****
time_S: 8.007097319
avgPower_W: 1.5715931919
energy_J: 12.5838996338
