****RAM ePerf for PID 3018975*****
time_S: 29.037459863
avgPower_W: 1.5705395815
energy_J: 45.6044800613
