****RAM ePerf for PID 959206*****
time_S: 9.007485970
avgPower_W: 1.5674801388
energy_J: 14.1190553587
