****RAM ePerf for PID 3246013*****
time_S: 19.021257764
avgPower_W: 1.5675861164
energy_J: 29.8174595889
