****RAM ePerf for PID 3345634*****
time_S: 6.012604278
avgPower_W: 1.5684659594
energy_J: 9.4305651376
