****RAM ePerf for PID 3633254*****
time_S: 10.005468998
avgPower_W: 1.5697798240
energy_J: 15.7063833635
