****RAM ePerf for PID 3292449*****
time_S: 8.007353313
avgPower_W: 1.5621788164
energy_J: 12.5089177217
