****RAM ePerf for PID 3094190*****
time_S: 11.010499258
avgPower_W: 1.5657043012
energy_J: 17.2391860473
