****RAM ePerf for PID 3528448*****
time_S: 12.016071334
avgPower_W: 1.5700874286
energy_J: 18.8662825433
