****RAM ePerf for PID 3550266*****
time_S: 9.008493689
avgPower_W: 1.5706074517
energy_J: 14.1488073174
