****RAM ePerf for PID 3007333*****
time_S: 4.003096757
avgPower_W: 1.5758818603
energy_J: 6.3084075646
