****RAM ePerf for PID 3068069*****
time_S: 7.006619832
avgPower_W: 1.5701377732
energy_J: 11.0013584611
