****RAM ePerf for PID 3369697*****
time_S: 7.006589433
avgPower_W: 1.5696534707
energy_J: 10.9979174214
