****RAM ePerf for PID 3189398*****
time_S: 12.009354650
avgPower_W: 1.5704503662
energy_J: 18.8600954085
