****RAM ePerf for PID 3126548*****
time_S: 6.023330610
avgPower_W: 1.5700030352
energy_J: 9.4566473400
