****RAM ePerf for PID 1033075*****
time_S: 2.002949384
avgPower_W: 1.5733452945
energy_J: 3.1513309886
