****RAM ePerf for PID 3625929*****
time_S: 3.001892797
avgPower_W: 1.5737642391
energy_J: 4.7242715338
