****RAM ePerf for PID 3216696*****
time_S: 9.007384033
avgPower_W: 1.5643541589
energy_J: 14.0907386736
