****RAM ePerf for PID 3547496*****
time_S: 5.005392691
avgPower_W: 1.5700868766
energy_J: 7.8589013766
