****RAM ePerf for PID 3255366*****
time_S: 4.004084770
avgPower_W: 1.5692380353
energy_J: 6.2833621180
