****RAM ePerf for PID 3234169*****
time_S: 30.026543538
avgPower_W: 1.5685231646
energy_J: 47.0973290939
