****RAM ePerf for PID 3584319*****
time_S: 5.005032849
avgPower_W: 1.5706102208
energy_J: 7.8609557482
