****RAM ePerf for PID 3019905*****
time_S: 5.004991514
avgPower_W: 1.5710469535
energy_J: 7.8630766704
