****RAM ePerf for PID 3497633*****
time_S: 17.021048208
avgPower_W: 1.5703431114
energy_J: 26.7288858027
