****RAM ePerf for PID 3436403*****
time_S: 13.013714030
avgPower_W: 1.5702715616
energy_J: 20.4350650534
