****RAM ePerf for PID 3486579*****
time_S: 11.013315457
avgPower_W: 1.5703762479
energy_J: 17.2950490045
