****RAM ePerf for PID 3496558*****
time_S: 7.007740650
avgPower_W: 1.5694510462
energy_J: 10.9983058953
