****RAM ePerf for PID 3634491*****
time_S: 9.018938657
avgPower_W: 1.5714974642
energy_J: 14.1732392299
