****RAM ePerf for PID 3127310*****
time_S: 12.011583709
avgPower_W: 1.5699877911
energy_J: 18.8580397754
