****RAM ePerf for PID 3043891*****
time_S: 9.008405829
avgPower_W: 1.5649885704
energy_J: 14.0980521600
