****RAM ePerf for PID 3413432*****
time_S: 26.081605127
avgPower_W: 1.5699631765
energy_J: 40.9471596348
