****RAM ePerf for PID 3452953*****
time_S: 8.007829421
avgPower_W: 1.5732920111
energy_J: 12.5986540547
