****RAM ePerf for PID 3029395*****
time_S: 5.004534530
avgPower_W: 1.5714844751
energy_J: 7.8645483193
