****RAM ePerf for PID 3352452*****
time_S: 5.003817521
avgPower_W: 1.5709010575
energy_J: 7.8605022353
