****RAM ePerf for PID 935095*****
time_S: 2.002055959
avgPower_W: 1.5700906010
energy_J: 3.1434092441
