****RAM ePerf for PID 3340069*****
time_S: 17.013279663
avgPower_W: 1.5682294679
energy_J: 26.6807265137
