****RAM ePerf for PID 3501486*****
time_S: 4.004376788
avgPower_W: 1.5710352830
energy_J: 6.2910172205
