****RAM ePerf for PID 3303308*****
time_S: 20.044496651
avgPower_W: 1.5700400750
energy_J: 31.4706630271
