****RAM ePerf for PID 3438446*****
time_S: 15.012149422
avgPower_W: 1.5664604066
energy_J: 23.5159376878
