****RAM ePerf for PID 3572757*****
time_S: 11.010117601
avgPower_W: 1.5692786049
energy_J: 17.2779419890
