****RAM ePerf for PID 2964504*****
time_S: 7.006538392
avgPower_W: 1.5625702302
energy_J: 10.9482083081
