****RAM ePerf for PID 3200686*****
time_S: 6.004446117
avgPower_W: 1.5701262286
energy_J: 9.4277383367
