****RAM ePerf for PID 3514104*****
time_S: 4.003089366
avgPower_W: 1.5701605622
energy_J: 6.2854930497
