****RAM ePerf for PID 3053781*****
time_S: 9.008862818
avgPower_W: 1.5694981467
energy_J: 14.1393934975
