****RAM ePerf for PID 3039115*****
time_S: 9.025839845
avgPower_W: 1.5706522131
energy_J: 14.1764553283
