****RAM ePerf for PID 3613195*****
time_S: 13.011570326
avgPower_W: 1.5696380822
energy_J: 20.4234562930
