****RAM ePerf for PID 3018336*****
time_S: 8.006564255
avgPower_W: 1.5642439793
energy_J: 12.5242199314
