****RAM ePerf for PID 3068297*****
time_S: 8.009269635
avgPower_W: 1.5706163788
energy_J: 12.5794900713
