****RAM ePerf for PID 3469002*****
time_S: 13.011133096
avgPower_W: 1.5702737055
energy_J: 20.4310401797
