****RAM ePerf for PID 3577494*****
time_S: 13.016581765
avgPower_W: 1.5696815309
energy_J: 20.4318879926
