****RAM ePerf for PID 3306297*****
time_S: 4.031352019
avgPower_W: 1.5696944884
energy_J: 6.3279910454
