****RAM ePerf for PID 3092962*****
time_S: 10.022550512
avgPower_W: 1.5709940414
energy_J: 15.7453671342
