****RAM ePerf for PID 3265069*****
time_S: 2.001525987
avgPower_W: 1.5727504610
energy_J: 3.1479009189
