****RAM ePerf for PID 3308691*****
time_S: 7.006105854
avgPower_W: 1.5637462334
energy_J: 10.9557716400
