****RAM ePerf for PID 3607904*****
time_S: 7.007461232
avgPower_W: 1.5712075502
energy_J: 11.0101759957
