****RAM ePerf for PID 3046410*****
time_S: 4.003077736
avgPower_W: 1.5715445279
energy_J: 6.2910149111
