****RAM ePerf for PID 3627624*****
time_S: 4.005486381
avgPower_W: 1.5683577537
energy_J: 6.2820356232
