****RAM ePerf for PID 927602*****
time_S: 8.007518180
avgPower_W: 1.5685005808
energy_J: 12.5597969164
