****RAM ePerf for PID 3426148*****
time_S: 14.008518336
avgPower_W: 1.5661651230
energy_J: 21.9396528428
