****RAM ePerf for PID 3273898*****
time_S: 16.013223363
avgPower_W: 1.5672755140
energy_J: 25.0971328778
