****RAM ePerf for PID 3222695*****
time_S: 6.005906545
avgPower_W: 1.5708139538
energy_J: 9.4341618067
