****RAM ePerf for PID 3393926*****
time_S: 19.017219528
avgPower_W: 1.5695902533
energy_J: 29.8492424161
