****RAM ePerf for PID 3466815*****
time_S: 11.009245614
avgPower_W: 1.5700569550
energy_J: 17.2851426456
