****RAM ePerf for PID 3133779*****
time_S: 4.003611390
avgPower_W: 1.5709974283
energy_J: 6.2896631978
