****RAM ePerf for PID 3602333*****
time_S: 22.021185814
avgPower_W: 1.5697240921
energy_J: 34.5671859096
