****RAM ePerf for PID 1058256*****
time_S: 7.006713600
avgPower_W: 1.5656861660
energy_J: 10.9703145528
