****RAM ePerf for PID 3627633*****
time_S: 14.011658278
avgPower_W: 1.5698854359
energy_J: 21.9966982645
