****RAM ePerf for PID 3344554*****
time_S: 13.012506203
avgPower_W: 1.5666879757
energy_J: 20.3865370027
