****RAM ePerf for PID 3002736*****
time_S: 14.013459600
avgPower_W: 1.5702930575
energy_J: 22.0052383215
