****RAM ePerf for PID 1019884*****
time_S: 7.006945307
avgPower_W: 1.5685590079
energy_J: 10.9908071797
