****RAM ePerf for PID 3326776*****
time_S: 8.007361388
avgPower_W: 1.5693518029
energy_J: 12.5663670314
