****RAM ePerf for PID 3082274*****
time_S: 8.020560049
avgPower_W: 1.5703763099
energy_J: 12.5952974932
