****RAM ePerf for PID 3472589*****
time_S: 16.010802424
avgPower_W: 1.5705469829
energy_J: 25.1457174412
