****RAM ePerf for PID 3383256*****
time_S: 3.003054310
avgPower_W: 1.5696219562
energy_J: 4.7136599808
