****RAM ePerf for PID 3106559*****
time_S: 8.006727822
avgPower_W: 1.5712428172
energy_J: 12.5805135799
