****RAM ePerf for PID 3363225*****
time_S: 7.006426951
avgPower_W: 1.5699645100
energy_J: 10.9998416551
