****RAM ePerf for PID 3385028*****
time_S: 7.013333438
avgPower_W: 1.5701464678
energy_J: 11.0119607255
