****RAM ePerf for PID 3026513*****
time_S: 5.004900841
avgPower_W: 1.5721769400
energy_J: 7.8685896897
