****RAM ePerf for PID 3312898*****
time_S: 16.012067665
avgPower_W: 1.5650235055
energy_J: 25.0592622683
