****RAM ePerf for PID 950147*****
time_S: 7.007573353
avgPower_W: 1.5644357690
energy_J: 10.9628984077
