****RAM ePerf for PID 3185292*****
time_S: 7.006293879
avgPower_W: 1.5709081030
energy_J: 11.0062438272
