****RAM ePerf for PID 3201895*****
time_S: 3.002821679
avgPower_W: 1.5724920209
energy_J: 4.7219131305
