****RAM ePerf for PID 3142290*****
time_S: 32.026447944
avgPower_W: 1.5701627873
energy_J: 50.2867367714
