****RAM ePerf for PID 3208901*****
time_S: 23.014994836
avgPower_W: 1.5701133623
energy_J: 36.1361509262
