****CPU ePerf for PID 3982892*****
time_S: 521
avgPower_W: 11.6982871536
energy_J: 6094.8076070256
