****CPU ePerf for PID 4066168*****
time_S: 321
avgPower_W: 1.2515471698
energy_J: 401.7466415058
