****CPU ePerf for PID 3982892*****
time_S: 520
avgPower_W: 11.6429219143
energy_J: 6054.3193954360
