****CPU ePerf for PID 4078889*****
time_S: 247
avgPower_W: 3.8841379310
energy_J: 959.3820689570
