****RAM ePerf for PID 3982892*****
time_S: 520.612428847
avgPower_W: 9.0922756642
energy_J: 4733.5517173039
