****CPU ePerf for PID 2080360*****
time_S: 16
avgPower_W: 8.2400000000
energy_J: 131.8400000000
