****RAM ePerf for PID 2254056*****
time_S: 3.003114086
avgPower_W: 1.5687448335
energy_J: 4.7111197070
