****RAM ePerf for PID 996304*****
time_S: 9.009230307
avgPower_W: 1.5706407269
energy_J: 14.1502640386
