****RAM ePerf for PID 2366353*****
time_S: 5.009013576
avgPower_W: 1.5619235544
energy_J: 7.8236962888
