****RAM ePerf for PID 349900*****
time_S: 15.014658842
avgPower_W: 1.5698764858
energy_J: 23.5711598585
