****RAM ePerf for PID 3063254*****
time_S: 6.005468284
avgPower_W: 1.5707312238
energy_J: 9.4329765473
