****RAM ePerf for PID 4123138*****
time_S: 46.043793828
avgPower_W: 1.5699893103
energy_J: 72.2882641159
