****RAM ePerf for PID 2506864*****
time_S: 2.001706315
avgPower_W: 1.5708828583
energy_J: 3.1444461377
