****RAM ePerf for PID 34697*****
time_S: 5.003714536
avgPower_W: 1.5696069318
energy_J: 7.8538650209
