****RAM ePerf for PID 3211349*****
time_S: 7.006979488
avgPower_W: 1.5703867389
energy_J: 11.0036676683
