****RAM ePerf for PID 3276200*****
time_S: 6.006169955
avgPower_W: 1.5706785768
energy_J: 9.4337624773
