****RAM ePerf for PID 3843233*****
time_S: 5.003838500
avgPower_W: 1.5710935569
energy_J: 7.8614984274
