****RAM ePerf for PID 2452371*****
time_S: 2.002201721
avgPower_W: 1.5701898539
energy_J: 3.1438368278
