****RAM ePerf for PID 3126572*****
time_S: 2.001817096
avgPower_W: 1.5734259606
energy_J: 3.1497109874
