****RAM ePerf for PID 3337586*****
time_S: 7.005861960
avgPower_W: 1.5683175351
energy_J: 10.9874161608
