****RAM ePerf for PID 2614673*****
time_S: 6.012185028
avgPower_W: 1.5635116528
energy_J: 9.4001213506
