****RAM ePerf for PID 3529819*****
time_S: 5.004581765
avgPower_W: 1.5714964678
energy_J: 7.8646825670
