****RAM ePerf for PID 3895505*****
time_S: 15.013842269
avgPower_W: 1.5665448468
energy_J: 23.5198572374
