****RAM ePerf for PID 2650340*****
time_S: 4.004706482
avgPower_W: 1.5700640631
energy_J: 6.2876457310
