****RAM ePerf for PID 3430456*****
time_S: 16.016858112
avgPower_W: 1.5661728776
energy_J: 25.0851687600
