****RAM ePerf for PID 2278017*****
time_S: 1.001197794
avgPower_W: 1.5701503200
energy_J: 1.5720310367
