****RAM ePerf for PID 3519513*****
time_S: 4.003297279
avgPower_W: 1.5712248830
energy_J: 6.2900802990
