****RAM ePerf for PID 2397406*****
time_S: 2.001483943
avgPower_W: 1.5696729301
energy_J: 3.1416751654
