****RAM ePerf for PID 25457*****
time_S: 15.012228338
avgPower_W: 1.5693339345
energy_J: 23.5591993640
