****RAM ePerf for PID 2444463*****
time_S: 1.001028357
avgPower_W: 1.5836064891
energy_J: 1.5852350020
