****RAM ePerf for PID 2588776*****
time_S: 2.001456567
avgPower_W: 1.5686478135
energy_J: 3.1395804677
