****RAM ePerf for PID 3491438*****
time_S: 3.002930284
avgPower_W: 1.5696198941
energy_J: 4.7134591145
