****RAM ePerf for PID 534414*****
time_S: 13.013097990
avgPower_W: 1.5704183062
energy_J: 20.4360073043
