****RAM ePerf for PID 3119865*****
time_S: 13.012476321
avgPower_W: 1.5662038089
energy_J: 20.3801899772
