****RAM ePerf for PID 3277842*****
time_S: 2.002044758
avgPower_W: 1.5688835093
energy_J: 3.1409750058
