****RAM ePerf for PID 221743*****
time_S: 6.005625382
avgPower_W: 1.5709545350
energy_J: 9.4345644295
