****RAM ePerf for PID 2277738*****
time_S: 2.002117948
avgPower_W: 1.5709884082
energy_J: 3.1453040882
