****RAM ePerf for PID 3661149*****
time_S: 7.007508755
avgPower_W: 1.5706167179
energy_J: 11.0061104020
