****RAM ePerf for PID 2402271*****
time_S: 3.003265599
avgPower_W: 1.5710835901
energy_J: 4.7183812996
