****RAM ePerf for PID 96525*****
time_S: 4.003282954
avgPower_W: 1.5719934094
energy_J: 6.2931344199
