****RAM ePerf for PID 380330*****
time_S: 16.016014487
avgPower_W: 1.5634782781
energy_J: 25.0406907522
