****RAM ePerf for PID 193765*****
time_S: 7.007606511
avgPower_W: 1.5695378459
energy_J: 10.9987036286
