****RAM ePerf for PID 531813*****
time_S: 17.013937217
avgPower_W: 1.5700549355
energy_J: 26.7128161001
