****RAM ePerf for PID 216639*****
time_S: 7.006254797
avgPower_W: 1.5704302724
energy_J: 11.0028346294
