****RAM ePerf for PID 3414538*****
time_S: 6.005673694
avgPower_W: 1.5710829288
energy_J: 9.4354114169
