****RAM ePerf for PID 1252588*****
time_S: 15.013782336
avgPower_W: 1.5665875571
energy_J: 23.5204045931
