****RAM ePerf for PID 3116353*****
time_S: 20.020183746
avgPower_W: 1.5702751506
energy_J: 31.4371970468
