****RAM ePerf for PID 59470*****
time_S: 13.011264080
avgPower_W: 1.5700162635
energy_J: 20.4278962153
