****RAM ePerf for PID 3014288*****
time_S: 6.005485219
avgPower_W: 1.5708661216
energy_J: 9.4338132746
