****RAM ePerf for PID 2327657*****
time_S: 4.003591267
avgPower_W: 1.5706805183
energy_J: 6.2883628064
