****RAM ePerf for PID 43732*****
time_S: 10.010474743
avgPower_W: 1.5706831472
energy_J: 15.7232839744
