****RAM ePerf for PID 2996621*****
time_S: 9.008184586
avgPower_W: 1.5717957915
energy_J: 14.1590266220
