****RAM ePerf for PID 291777*****
time_S: 7.006518567
avgPower_W: 1.5690826119
energy_J: 10.9938064538
