****RAM ePerf for PID 122998*****
time_S: 5.004596938
avgPower_W: 1.5712041747
energy_J: 7.8632436017
