****RAM ePerf for PID 957727*****
time_S: 4.003638720
avgPower_W: 1.5712804287
energy_J: 6.2908391644
