****RAM ePerf for PID 2465209*****
time_S: 20.020070682
avgPower_W: 1.5674582963
energy_J: 31.3806258835
