****RAM ePerf for PID 4109836*****
time_S: 16.016773855
avgPower_W: 1.5694597694
energy_J: 25.1376822022
