****RAM ePerf for PID 3740497*****
time_S: 4.004299439
avgPower_W: 1.5725311258
energy_J: 6.2968855050
