****RAM ePerf for PID 278862*****
time_S: 13.010879014
avgPower_W: 1.5702424050
energy_J: 20.4302339547
