****RAM ePerf for PID 3935179*****
time_S: 7.006215799
avgPower_W: 1.5713289409
energy_J: 11.0090696518
