****RAM ePerf for PID 3626343*****
time_S: 4.002822701
avgPower_W: 1.5707032213
energy_J: 6.2872465108
