****RAM ePerf for PID 3056675*****
time_S: 13.012756593
avgPower_W: 1.5661159329
energy_J: 20.3794854316
