****RAM ePerf for PID 3996679*****
time_S: 9.008703229
avgPower_W: 1.5702287808
energy_J: 14.1457250880
