****RAM ePerf for PID 3591367*****
time_S: 10.008260164
avgPower_W: 1.5656720994
energy_J: 15.6696537030
