****RAM ePerf for PID 3311442*****
time_S: 7.007270556
avgPower_W: 1.5698812316
energy_J: 11.0005825308
