****RAM ePerf for PID 2307137*****
time_S: 6.006185397
avgPower_W: 1.5699490003
energy_J: 9.4294047601
