****RAM ePerf for PID 325022*****
time_S: 9.008780325
avgPower_W: 1.5687924282
energy_J: 14.1329063613
