****RAM ePerf for PID 868440*****
time_S: 12.010600661
avgPower_W: 1.5701812036
energy_J: 18.8588194025
