****RAM ePerf for PID 3470302*****
time_S: 15.014056205
avgPower_W: 1.5695801973
energy_J: 23.5657653010
