****RAM ePerf for PID 3181344*****
time_S: 8.007220937
avgPower_W: 1.5711037022
energy_J: 12.5801744589
