****RAM ePerf for PID 2300717*****
time_S: 2.002407417
avgPower_W: 1.5683977105
energy_J: 3.1405712084
