****RAM ePerf for PID 3426492*****
time_S: 7.006731110
avgPower_W: 1.5625284247
energy_J: 10.9482165237
