****RAM ePerf for PID 3113878*****
time_S: 7.006052238
avgPower_W: 1.5700616947
energy_J: 10.9999342502
