****RAM ePerf for PID 1067475*****
time_S: 7.007089976
avgPower_W: 1.5695699949
energy_J: 10.9981181785
