****RAM ePerf for PID 3715411*****
time_S: 19.018682046
avgPower_W: 1.5694549638
energy_J: 29.8489649435
