****RAM ePerf for PID 2552189*****
time_S: 21.020689043
avgPower_W: 1.5653801875
energy_J: 32.9053701568
