****RAM ePerf for PID 2648342*****
time_S: 2.002153293
avgPower_W: 1.5713718152
energy_J: 3.1461272545
