****RAM ePerf for PID 1254728*****
time_S: 22.017262551
avgPower_W: 1.5662869724
energy_J: 34.4853515032
