****RAM ePerf for PID 4161091*****
time_S: 3.003912806
avgPower_W: 1.5706239987
energy_J: 4.7180175432
