****RAM ePerf for PID 3162396*****
time_S: 16.013326955
avgPower_W: 1.5667392448
energy_J: 25.0887077809
