****RAM ePerf for PID 3785041*****
time_S: 7.007421458
avgPower_W: 1.5710366835
energy_J: 11.0089161675
