****RAM ePerf for PID 3154058*****
time_S: 7.007590513
avgPower_W: 1.5692153852
energy_J: 10.9964188466
