****RAM ePerf for PID 3485750*****
time_S: 9.008491666
avgPower_W: 1.5702430591
energy_J: 14.1455215122
