****RAM ePerf for PID 3411449*****
time_S: 6.005640872
avgPower_W: 1.5707943019
energy_J: 9.4336264615
