****RAM ePerf for PID 2584898*****
time_S: 7.009868899
avgPower_W: 1.5626282359
energy_J: 10.9538190718
