****RAM ePerf for PID 2629442*****
time_S: 7.007433165
avgPower_W: 1.5696379189
energy_J: 10.9991328104
