****RAM ePerf for PID 2490107*****
time_S: 4.003815163
avgPower_W: 1.5685347745
energy_J: 6.2801233139
