****RAM ePerf for PID 36953*****
time_S: 10.008418627
avgPower_W: 1.5646117980
energy_J: 15.6592898640
