****RAM ePerf for PID 416067*****
time_S: 10.008706088
avgPower_W: 1.5697477117
energy_J: 15.7111434797
