****RAM ePerf for PID 3864810*****
time_S: 9.007621057
avgPower_W: 1.5704070226
energy_J: 14.1456313654
