****RAM ePerf for PID 201690*****
time_S: 41.036032949
avgPower_W: 1.5699971501
energy_J: 64.4264547844
