****RAM ePerf for PID 1224696*****
time_S: 7.008530482
avgPower_W: 1.5703350745
energy_J: 11.0057412367
