****RAM ePerf for PID 3874690*****
time_S: 8.007499154
avgPower_W: 1.5698121386
energy_J: 12.5702693718
