****RAM ePerf for PID 3645265*****
time_S: 15.016364310
avgPower_W: 1.5669107221
energy_J: 23.5293022449
