****RAM ePerf for PID 2266968*****
time_S: 4.004435011
avgPower_W: 1.5696098811
energy_J: 6.2854007615
