****RAM ePerf for PID 2521583*****
time_S: 8.009314411
avgPower_W: 1.5698042750
energy_J: 12.5730560024
