****RAM ePerf for PID 3228178*****
time_S: 7.006679301
avgPower_W: 1.5635970005
energy_J: 10.9556227390
