****RAM ePerf for PID 3610096*****
time_S: 2.002037299
avgPower_W: 1.5738195054
energy_J: 3.1508453518
