****RAM ePerf for PID 3302531*****
time_S: 63.057296932
avgPower_W: 1.5701181905
energy_J: 99.0074089621
