****RAM ePerf for PID 3861585*****
time_S: 23.016406736
avgPower_W: 1.5698452190
energy_J: 36.1321960739
