****RAM ePerf for PID 3567671*****
time_S: 12.009281796
avgPower_W: 1.5703042202
energy_J: 18.8582258867
