****RAM ePerf for PID 2358362*****
time_S: 2.001412915
avgPower_W: 1.5708006449
energy_J: 3.1438206977
