****RAM ePerf for PID 2536868*****
time_S: 7.008501609
avgPower_W: 1.5642100765
energy_J: 10.9627688384
