****RAM ePerf for PID 91334*****
time_S: 7.006620144
avgPower_W: 1.5613417549
energy_J: 10.9397285918
