****RAM ePerf for PID 578156*****
time_S: 41.036410473
avgPower_W: 1.5687206484
energy_J: 64.3746644492
