****RAM ePerf for PID 3364160*****
time_S: 68.064511343
avgPower_W: 1.5699548861
energy_J: 106.8582121564
