****RAM ePerf for PID 3086058*****
time_S: 3.002125674
avgPower_W: 1.5722203307
energy_J: 4.7200030201
