****RAM ePerf for PID 3853420*****
time_S: 8.007283546
avgPower_W: 1.5702008509
energy_J: 12.5730434381
