****RAM ePerf for PID 3898364*****
time_S: 5.004119104
avgPower_W: 1.5711745397
energy_J: 7.8623445300
