****RAM ePerf for PID 2422963*****
time_S: 25.026085873
avgPower_W: 1.5697813962
energy_J: 39.2854840253
