****RAM ePerf for PID 3129619*****
time_S: 7.007425608
avgPower_W: 1.5717802539
energy_J: 11.0141332020
