****RAM ePerf for PID 3714267*****
time_S: 2.001717715
avgPower_W: 1.5703704192
energy_J: 3.1434382874
