****RAM ePerf for PID 3811152*****
time_S: 3.002998854
avgPower_W: 1.5739313705
energy_J: 4.7265141021
