****RAM ePerf for PID 4157662*****
time_S: 8.005743150
avgPower_W: 1.5695464318
energy_J: 12.5653855950
