****RAM ePerf for PID 927689*****
time_S: 6.005915123
avgPower_W: 1.5692638577
energy_J: 9.4248655352
