****RAM ePerf for PID 4102406*****
time_S: 7433.254590191
avgPower_W: 1.5758441620
energy_J: 11713.6508513343
