****RAM ePerf for PID 2490590*****
time_S: 7.006270768
avgPower_W: 1.5681449813
energy_J: 10.9868483428
