****RAM ePerf for PID 4181138*****
time_S: 31.028997081
avgPower_W: 1.5682603486
energy_J: 48.6615457806
