****RAM ePerf for PID 2636895*****
time_S: 4.007304340
avgPower_W: 1.5725215926
energy_J: 6.3015726029
