****RAM ePerf for PID 4033687*****
time_S: 8.007612331
avgPower_W: 1.5698939368
energy_J: 12.5711020470
