****RAM ePerf for PID 948054*****
time_S: 38.039833853
avgPower_W: 1.5686374109
energy_J: 59.6707064890
