****RAM ePerf for PID 2626269*****
time_S: 13.011488349
avgPower_W: 1.5661391905
energy_J: 20.3778018310
