****RAM ePerf for PID 3166438*****
time_S: 11.008467953
avgPower_W: 1.5698372980
energy_J: 17.2815035866
