****RAM ePerf for PID 1168030*****
time_S: 5.004271034
avgPower_W: 1.5709887531
energy_J: 7.8616535120
