****RAM ePerf for PID 2634192*****
time_S: 2.002147879
avgPower_W: 1.5687259768
energy_J: 3.1408213872
