****RAM ePerf for PID 2560773*****
time_S: 7.012665722
avgPower_W: 1.5626059757
energy_J: 10.9580333632
