****RAM ePerf for PID 2317843*****
time_S: 3.002623665
avgPower_W: 1.5704019144
energy_J: 4.7153259518
