****RAM ePerf for PID 3532674*****
time_S: 2.001881254
avgPower_W: 1.5752647424
energy_J: 3.1534929579
