****RAM ePerf for PID 2623041*****
time_S: 3.002787470
avgPower_W: 1.5691561217
energy_J: 4.7118423409
