****RAM ePerf for PID 121785*****
time_S: 17.017184809
avgPower_W: 1.5704602705
energy_J: 26.7248126597
