****RAM ePerf for PID 3833160*****
time_S: 4.004770986
avgPower_W: 1.5702872944
energy_J: 6.2886409964
