****RAM ePerf for PID 3966943*****
time_S: 16.015374443
avgPower_W: 1.5670808804
energy_J: 25.0973870824
