****RAM ePerf for PID 2595633*****
time_S: 7.006278043
avgPower_W: 1.5653708472
energy_J: 10.9674233959
