****RAM ePerf for PID 3481268*****
time_S: 3.002785267
avgPower_W: 1.5676647061
energy_J: 4.7073604832
