****RAM ePerf for PID 3974252*****
time_S: 37.035654402
avgPower_W: 1.5700715697
energy_J: 58.1486280426
