****RAM ePerf for PID 2420488*****
time_S: 2.001825734
avgPower_W: 1.5731871842
energy_J: 3.1492465898
