****RAM ePerf for PID 977946*****
time_S: 8.005972502
avgPower_W: 1.5701117308
energy_J: 12.5702713425
