****RAM ePerf for PID 867284*****
time_S: 7.005749241
avgPower_W: 1.5698138803
energy_J: 10.9977224007
