****RAM ePerf for PID 2542233*****
time_S: 2.002011680
avgPower_W: 1.5694260773
energy_J: 3.1420093378
