****RAM ePerf for PID 3067644*****
time_S: 8.007514943
avgPower_W: 1.5726760061
energy_J: 12.5932266199
