****RAM ePerf for PID 3108849*****
time_S: 4.003612925
avgPower_W: 1.5694969354
energy_J: 6.2836582167
