****RAM ePerf for PID 2278631*****
time_S: 2.004265324
avgPower_W: 1.5692841147
energy_J: 3.1452617347
