****SD ePerf for PID 230901*****
time_S: 10
avgPower_W: 4.5307221014
energy_J: 45.3072210140
