****SD ePerf for PID 3452792*****
time_S: 30
avgPower_W: 11.3964726962
energy_J: 341.8941808860
