****CPU ePerf for PID 2609785*****
time_S: 14
avgPower_W: 1.8666666666
energy_J: 26.1333333324
