****CPU ePerf for PID 3276023*****
time_S: 19
avgPower_W: 1.8550000000
energy_J: 35.2450000000
