****CPU ePerf for PID 3276023*****
time_S: 20
avgPower_W: 3.0450000000
energy_J: 60.9000000000
