****RAM ePerf for PID 2609785*****
time_S: 12.012254619
avgPower_W: 2.0964018840
energy_J: 25.1825132147
