****RAM ePerf for PID 2087544*****
time_S: 806.901440986
avgPower_W: 1.5615611334
energy_J: 1260.0259288028
