****RAM ePerf for PID 2324315*****
time_S: 1070.315969333
avgPower_W: 13.1766070425
energy_J: 14103.1329392217
