****RAM ePerf for PID 652702*****
time_S: 552.538539206
avgPower_W: 14.7578669493
energy_J: 8154.2902460163
