****RAM ePerf for PID 2087544*****
time_S: 806.901440986
avgPower_W: 1.5617037778
energy_J: 1260.1410287240
