****CPU ePerf for PID 3902528*****
time_S: 87
avgPower_W: 11.0712000000
energy_J: 963.1944000000
