****CPU ePerf for PID 3906041*****
time_S: 81
avgPower_W: 2.3365517241
energy_J: 189.2606896521
