****CPU ePerf for PID 3461361*****
time_S: 91
avgPower_W: 8.9651851851
energy_J: 815.8318518441
