****CPU ePerf for PID 3902528*****
time_S: 92
avgPower_W: 10.8984615384
energy_J: 1002.6584615328
