****RAM ePerf for PID 3902528*****
time_S: 91.119037322
avgPower_W: 7.2730137082
energy_J: 662.7100075267
