****RAM ePerf for PID 3464865*****
time_S: 83.104143227
avgPower_W: 1.8375739384
energy_J: 152.7100077726
