****RAM ePerf for PID 3684213*****
time_S: 12.008820345
avgPower_W: 1.5694739331
energy_J: 18.8475304993
