****RAM ePerf for PID 3954343*****
time_S: 11.011336060
avgPower_W: 1.5705706039
energy_J: 17.2940807265
