****RAM ePerf for PID 3591102*****
time_S: 8.006972746
avgPower_W: 1.5654468964
energy_J: 12.5344906352
