****RAM ePerf for PID 3691533*****
time_S: 24.024475874
avgPower_W: 1.5698578785
energy_J: 37.7150127277
