****RAM ePerf for PID 3162616*****
time_S: 13.013834003
avgPower_W: 1.5700484028
energy_J: 20.4323492911
