****RAM ePerf for PID 4093222*****
time_S: 7.019622097
avgPower_W: 1.5694274432
energy_J: 11.0167875604
