****RAM ePerf for PID 3083034*****
time_S: 1539.405748110
avgPower_W: 1.5754612233
energy_J: 2425.2740631924
