****RAM ePerf for PID 196120*****
time_S: 3.002189342
avgPower_W: 1.5700294819
energy_J: 4.7135257772
