****RAM ePerf for PID 18009*****
time_S: 14.042345976
avgPower_W: 1.5687305607
energy_J: 22.0286572771
