****RAM ePerf for PID 3474610*****
time_S: 7.006333103
avgPower_W: 1.5660180635
energy_J: 10.9720441987
