****RAM ePerf for PID 3814227*****
time_S: 13.010942788
avgPower_W: 1.5678353904
energy_J: 20.3990165660
