****RAM ePerf for PID 3082663*****
time_S: 1543.365550888
avgPower_W: 1.6466344277
energy_J: 2541.3588506789
