****RAM ePerf for PID 3791055*****
time_S: 10.008424655
avgPower_W: 1.5701859089
energy_J: 15.7150873645
