****RAM ePerf for PID 3387116*****
time_S: 9.006652969
avgPower_W: 1.5697373007
energy_J: 14.1380791202
