****RAM ePerf for PID 3083176*****
time_S: 7.007005306
avgPower_W: 1.5702197395
energy_J: 11.0025380466
