****RAM ePerf for PID 3488798*****
time_S: 15.014628138
avgPower_W: 1.5694869884
energy_J: 23.5652634986
