****RAM ePerf for PID 3989420*****
time_S: 10.010088008
avgPower_W: 1.5698361473
energy_J: 15.7141979934
