****RAM ePerf for PID 4038563*****
time_S: 12.012689685
avgPower_W: 1.5674801755
energy_J: 18.8296529358
