****RAM ePerf for PID 3553658*****
time_S: 18.017813528
avgPower_W: 1.5694721184
energy_J: 28.2784559677
