****RAM ePerf for PID 3807002*****
time_S: 12.013423124
avgPower_W: 1.5699011021
energy_J: 18.8598862033
