****RAM ePerf for PID 3984831*****
time_S: 6.008458177
avgPower_W: 1.5642565094
energy_J: 9.3987698154
