****RAM ePerf for PID 3471626*****
time_S: 17.013912987
avgPower_W: 1.5670278339
energy_J: 26.6612752146
