****RAM ePerf for PID 98890*****
time_S: 12.010177692
avgPower_W: 1.5696555314
energy_J: 18.8518418480
