****RAM ePerf for PID 3826842*****
time_S: 6.005283916
avgPower_W: 1.5698216601
energy_J: 9.4272247668
