****RAM ePerf for PID 3583285*****
time_S: 14.014654087
avgPower_W: 1.5698464485
energy_J: 22.0008549465
