****RAM ePerf for PID 3132013*****
time_S: 18.016659260
avgPower_W: 1.5673376111
energy_J: 28.2381876855
