****RAM ePerf for PID 3473361*****
time_S: 6.005577568
avgPower_W: 1.5664064752
energy_J: 9.4071755902
