****RAM ePerf for PID 3822174*****
time_S: 8.007472933
avgPower_W: 1.5697788145
energy_J: 12.5699613681
