****RAM ePerf for PID 86742*****
time_S: 64.070999894
avgPower_W: 1.5698564237
energy_J: 100.5822707621
