****RAM ePerf for PID 3580777*****
time_S: 9.008555249
avgPower_W: 1.5671832209
energy_J: 14.1180566314
