****RAM ePerf for PID 3230723*****
time_S: 14.010540564
avgPower_W: 1.5699084276
energy_J: 21.9952657077
