****RAM ePerf for PID 3675787*****
time_S: 11.009852100
avgPower_W: 1.5691135992
energy_J: 17.2757086554
