****RAM ePerf for PID 3291161*****
time_S: 54.051509113
avgPower_W: 1.5618669075
energy_J: 84.4212633845
