****RAM ePerf for PID 3361804*****
time_S: 7.005727821
avgPower_W: 1.5704637794
energy_J: 11.0022417914
