****RAM ePerf for PID 3083032*****
time_S: 1539.351060746
avgPower_W: 1.5757793905
energy_J: 2425.6776763934
