****RAM ePerf for PID 4189643*****
time_S: 7.006116272
avgPower_W: 1.5705609814
energy_J: 11.0035328482
