****RAM ePerf for PID 22703*****
time_S: 557.004001933
avgPower_W: 1.5783049143
energy_J: 879.1221535515
