****RAM ePerf for PID 3123021*****
time_S: 5.003528446
avgPower_W: 1.5710563581
energy_J: 7.8608251781
