****RAM ePerf for PID 3276653*****
time_S: 12.011040900
avgPower_W: 1.5700137926
energy_J: 18.8574998772
