****RAM ePerf for PID 3156885*****
time_S: 12.009761435
avgPower_W: 1.5695764605
energy_J: 18.8502388452
