****RAM ePerf for PID 3255100*****
time_S: 9.005070436
avgPower_W: 1.5710661462
energy_J: 14.1475613069
