****RAM ePerf for PID 3919449*****
time_S: 13.013845232
avgPower_W: 1.5695927785
energy_J: 20.4264374971
