****RAM ePerf for PID 116553*****
time_S: 23.021118920
avgPower_W: 1.5698761737
energy_J: 36.1403060863
