****RAM ePerf for PID 3787032*****
time_S: 9.009280484
avgPower_W: 1.5702269376
energy_J: 14.1466149050
