****RAM ePerf for PID 4152627*****
time_S: 99.095863241
avgPower_W: 1.5699918557
energy_J: 155.5796982225
