****RAM ePerf for PID 4092084*****
time_S: 2231.763975799
avgPower_W: 1.8117679820
energy_J: 4043.4385148764
