****RAM ePerf for PID 3932100*****
time_S: 21.020773004
avgPower_W: 1.5698211193
energy_J: 32.9988534060
