****RAM ePerf for PID 3455847*****
time_S: 6.004761413
avgPower_W: 1.5650214656
energy_J: 9.3975805076
