****RAM ePerf for PID 4115391*****
time_S: 7.007729966
avgPower_W: 1.5705778023
energy_J: 11.0061851298
