****RAM ePerf for PID 3962036*****
time_S: 9.023369517
avgPower_W: 1.5700701186
energy_J: 14.1673228478
