****RAM ePerf for PID 3943366*****
time_S: 7.005466240
avgPower_W: 1.5685583946
energy_J: 10.9884828794
