****RAM ePerf for PID 3152890*****
time_S: 6.004921762
avgPower_W: 1.5699076092
energy_J: 9.4271723673
