****RAM ePerf for PID 3652092*****
time_S: 6.005421798
avgPower_W: 1.5707434047
energy_J: 9.4329766820
