****RAM ePerf for PID 3331076*****
time_S: 18.017791394
avgPower_W: 1.5640141751
energy_J: 28.1800811453
