****RAM ePerf for PID 3700982*****
time_S: 13.010675036
avgPower_W: 1.5699036263
energy_J: 20.4255059198
