****RAM ePerf for PID 3524155*****
time_S: 10.009624655
avgPower_W: 1.5696719544
energy_J: 15.7118270953
