****RAM ePerf for PID 197930*****
time_S: 16.013883231
avgPower_W: 1.5686455106
energy_J: 25.1201060382
