****RAM ePerf for PID 3444254*****
time_S: 13.010295785
avgPower_W: 1.5700773285
energy_J: 20.4271704501
