****RAM ePerf for PID 3572433*****
time_S: 6.006191359
avgPower_W: 1.5702968954
energy_J: 9.4315036445
