****RAM ePerf for PID 137176*****
time_S: 6.005350226
avgPower_W: 1.5702900958
energy_J: 9.4301419822
