****RAM ePerf for PID 215784*****
time_S: 6.013269665
avgPower_W: 1.5661048762
energy_J: 9.4174109447
