****RAM ePerf for PID 175321*****
time_S: 7.006443580
avgPower_W: 1.5678480119
energy_J: 10.9850386375
