****RAM ePerf for PID 3730430*****
time_S: 17.015188173
avgPower_W: 1.5695936689
energy_J: 26.7069316316
