****RAM ePerf for PID 3086396*****
time_S: 11.008718108
avgPower_W: 1.5694751147
energy_J: 17.2779091155
