****RAM ePerf for PID 4140753*****
time_S: 10.012376842
avgPower_W: 1.5665806453
energy_J: 15.6851957744
