****RAM ePerf for PID 3602459*****
time_S: 15.013698757
avgPower_W: 1.5695209549
energy_J: 23.5643148097
