****RAM ePerf for PID 3694222*****
time_S: 6.004796162
avgPower_W: 1.5708965235
energy_J: 9.4329134157
