****RAM ePerf for PID 3713329*****
time_S: 7.007025883
avgPower_W: 1.5707658345
energy_J: 11.0063968590
