****RAM ePerf for PID 3917530*****
time_S: 1473.544392851
avgPower_W: 1.6537258195
energy_J: 2436.8384086909
