****RAM ePerf for PID 3958504*****
time_S: 7.010532502
avgPower_W: 1.5710210897
energy_J: 11.0136944112
