****RAM ePerf for PID 22699*****
time_S: 557.820447449
avgPower_W: 1.5776864544
energy_J: 880.0657639360
