****RAM ePerf for PID 3740288*****
time_S: 8.006050732
avgPower_W: 1.5683330311
energy_J: 12.5561538121
