****RAM ePerf for PID 3918487*****
time_S: 1466.697336888
avgPower_W: 1.5767511651
energy_J: 2312.6167349258
