****RAM ePerf for PID 4145211*****
time_S: 20.023810086
avgPower_W: 1.5701755859
energy_J: 31.4408977340
