****RAM ePerf for PID 3184182*****
time_S: 12.011431461
avgPower_W: 1.5627931132
energy_J: 18.7713823670
