****RAM ePerf for PID 189956*****
time_S: 9.008401157
avgPower_W: 1.5709218603
energy_J: 14.1514943041
