****RAM ePerf for PID 3216976*****
time_S: 7.007068009
avgPower_W: 1.5706810453
energy_J: 11.0058689054
