****RAM ePerf for PID 3397985*****
time_S: 5.003645785
avgPower_W: 1.5700594575
energy_J: 7.8560213871
