****RAM ePerf for PID 3501368*****
time_S: 5.004579129
avgPower_W: 1.5718006293
energy_J: 7.8662006244
