****RAM ePerf for PID 3971628*****
time_S: 11.019075295
avgPower_W: 1.5700665157
energy_J: 17.3006811550
