****RAM ePerf for PID 3834662*****
time_S: 26.024435936
avgPower_W: 1.5682587307
energy_J: 40.8130488707
