****RAM ePerf for PID 3934084*****
time_S: 5.005159618
avgPower_W: 1.5707933138
energy_J: 7.8620712625
