****RAM ePerf for PID 3918483*****
time_S: 1468.779123572
avgPower_W: 1.5776207347
energy_J: 2317.1764001767
