****RAM ePerf for PID 3164893*****
time_S: 11.009909857
avgPower_W: 1.5699148207
energy_J: 17.2846206598
