****RAM ePerf for PID 3918486*****
time_S: 1467.585431532
avgPower_W: 1.5758698182
energy_J: 2312.7235872085
