****RAM ePerf for PID 3798473*****
time_S: 14.010839070
avgPower_W: 1.5704917423
energy_J: 22.0039070635
