****RAM ePerf for PID 3427483*****
time_S: 11.009059578
avgPower_W: 1.5692993139
energy_J: 17.2765096429
