****RAM ePerf for PID 3180233*****
time_S: 7.006096580
avgPower_W: 1.5707699770
energy_J: 11.0049661642
