****RAM ePerf for PID 3815022*****
time_S: 17.014552771
avgPower_W: 1.5677552232
energy_J: 26.6746539779
