****RAM ePerf for PID 3561360*****
time_S: 10.006663948
avgPower_W: 1.5703755812
energy_J: 15.7142207141
