****RAM ePerf for PID 3463465*****
time_S: 9.009010596
avgPower_W: 1.5701846710
energy_J: 14.1458103395
