****RAM ePerf for PID 3290284*****
time_S: 8.007391689
avgPower_W: 1.5696737734
energy_J: 12.5689927281
