****RAM ePerf for PID 78178*****
time_S: 26.024017683
avgPower_W: 1.5687230632
energy_J: 40.8244767372
