****RAM ePerf for PID 3725773*****
time_S: 11.008562644
avgPower_W: 1.5700007836
energy_J: 17.2834519784
