****RAM ePerf for PID 3758025*****
time_S: 8.006573497
avgPower_W: 1.5697250828
energy_J: 12.5681192461
