****RAM ePerf for PID 3938287*****
time_S: 5.007132471
avgPower_W: 1.5701718795
energy_J: 7.8620586029
