****RAM ePerf for PID 3351875*****
time_S: 11.008146186
avgPower_W: 1.5668802539
energy_J: 17.2484468918
