****RAM ePerf for PID 3943866*****
time_S: 7.005779650
avgPower_W: 1.5706741118
energy_J: 11.0037967299
