****RAM ePerf for PID 3226176*****
time_S: 6.005862290
avgPower_W: 1.5642798722
energy_J: 9.3948494960
