****RAM ePerf for PID 3760166*****
time_S: 8.006900374
avgPower_W: 1.5696575601
energy_J: 12.5680917055
