****RAM ePerf for PID 138524*****
time_S: 6.004555529
avgPower_W: 1.5667539237
energy_J: 9.4076609355
