****RAM ePerf for PID 3242468*****
time_S: 14.011682060
avgPower_W: 1.5695325855
energy_J: 21.9917915721
