****RAM ePerf for PID 3465524*****
time_S: 6.005440809
avgPower_W: 1.5724847005
energy_J: 9.4434637922
