****RAM ePerf for PID 3701456*****
time_S: 11.009635119
avgPower_W: 1.5696688247
energy_J: 17.2814810183
