****RAM ePerf for PID 3506389*****
time_S: 6.004705920
avgPower_W: 1.5695758366
energy_J: 9.4248413185
