****RAM ePerf for PID 3405760*****
time_S: 10.011758124
avgPower_W: 1.5656596787
energy_J: 15.6750060079
