****RAM ePerf for PID 3140669*****
time_S: 16.012404051
avgPower_W: 1.5695643279
energy_J: 25.1324982025
