****RAM ePerf for PID 3355499*****
time_S: 9.008542146
avgPower_W: 1.5653119148
energy_J: 14.1011783570
