****RAM ePerf for PID 3117992*****
time_S: 8.006646466
avgPower_W: 1.5707847589
energy_J: 12.5767182393
