****RAM ePerf for PID 3825666*****
time_S: 10.007197726
avgPower_W: 1.5703242694
energy_J: 15.7145454586
