****RAM ePerf for PID 3283791*****
time_S: 13.010493931
avgPower_W: 1.5668813390
energy_J: 20.3859001527
