****RAM ePerf for PID 3153938*****
time_S: 7.004362604
avgPower_W: 1.5701182232
energy_J: 10.9976773671
