****RAM ePerf for PID 92480*****
time_S: 13.014811511
avgPower_W: 1.5708993988
energy_J: 20.4449595788
