****RAM ePerf for PID 3213423*****
time_S: 18.020472670
avgPower_W: 1.5694185235
energy_J: 28.2816636118
