****RAM ePerf for PID 3085509*****
time_S: 17.016525045
avgPower_W: 1.5696136307
energy_J: 26.7093696592
