****RAM ePerf for PID 4060857*****
time_S: 2.001583021
avgPower_W: 1.5758662550
energy_J: 3.1542271394
