****CPU ePerf for PID 1955539*****
time_S: 118
avgPower_W: 3.7262626262
energy_J: 439.6989898916
