****CPU ePerf for PID 1951321*****
time_S: 135
avgPower_W: 10.6750000000
energy_J: 1441.1250000000
