****RAM ePerf for PID 1733567*****
time_S: 109.107879807
avgPower_W: 8.9772752583
energy_J: 979.4914698871
