****CPU ePerf for PID 3946246*****
time_S: 48
avgPower_W: 2.5507317073
energy_J: 122.4351219504
