****RAM ePerf for PID 3946246*****
time_S: 48.047457980
avgPower_W: 1.8832829074
energy_J: 90.4869563581
