****RAM ePerf for PID 3075747*****
time_S: 7.007404746
avgPower_W: 1.5646342359
energy_J: 10.9640253710
