****RAM ePerf for PID 458512*****
time_S: 9.006894689
avgPower_W: 1.5700397733
energy_J: 14.1411828963
