****RAM ePerf for PID 1184187*****
time_S: 6.011771154
avgPower_W: 1.5695967402
energy_J: 9.4360564062
