****RAM ePerf for PID 2136796*****
time_S: 8.007677642
avgPower_W: 1.5699921783
energy_J: 12.5719912646
