****RAM ePerf for PID 3174250*****
time_S: 6.005073365
avgPower_W: 1.5719755419
energy_J: 9.4398284576
