****RAM ePerf for PID 2882392*****
time_S: 13.014139691
avgPower_W: 1.5650638382
energy_J: 20.3679594165
