****RAM ePerf for PID 508665*****
time_S: 10.009094653
avgPower_W: 1.5705952610
energy_J: 15.7202366299
