****RAM ePerf for PID 3036489*****
time_S: 7.006835931
avgPower_W: 1.5714263784
energy_J: 11.0107268112
