****RAM ePerf for PID 149212*****
time_S: 17.015582229
avgPower_W: 1.5694186576
energy_J: 26.7045722211
