****RAM ePerf for PID 3022857*****
time_S: 3.003079090
avgPower_W: 1.5723070497
energy_J: 4.7217624242
