****RAM ePerf for PID 1275734*****
time_S: 10.013920534
avgPower_W: 1.5702406563
energy_J: 15.7242651515
