****RAM ePerf for PID 1986365*****
time_S: 8.009460193
avgPower_W: 1.5697794905
energy_J: 12.5730863413
