****RAM ePerf for PID 485499*****
time_S: 12.010757911
avgPower_W: 1.5659718377
energy_J: 18.8085086384
