****RAM ePerf for PID 330346*****
time_S: 8.007535832
avgPower_W: 1.5697279253
energy_J: 12.5696526085
