****RAM ePerf for PID 792904*****
time_S: 4.004834946
avgPower_W: 1.5706592098
energy_J: 6.2902308920
