****RAM ePerf for PID 528394*****
time_S: 12.010588229
avgPower_W: 1.5700074711
energy_J: 18.8567132526
