****RAM ePerf for PID 2887452*****
time_S: 5.006587072
avgPower_W: 1.5689807287
energy_J: 7.8552386326
