****RAM ePerf for PID 2229703*****
time_S: 11.004562149
avgPower_W: 1.5698194731
energy_J: 17.2751759545
