****RAM ePerf for PID 672341*****
time_S: 12.010964223
avgPower_W: 1.5696429794
energy_J: 18.8529256688
