****RAM ePerf for PID 1051249*****
time_S: 14.004793639
avgPower_W: 1.5701944399
energy_J: 21.9902491041
