****RAM ePerf for PID 3110019*****
time_S: 11.013657748
avgPower_W: 1.5625459530
energy_J: 17.2093463426
