****RAM ePerf for PID 2221108*****
time_S: 7.007016551
avgPower_W: 1.5712208216
energy_J: 11.0095703029
