****RAM ePerf for PID 376181*****
time_S: 7.007341968
avgPower_W: 1.5702772751
energy_J: 11.0034698515
