****RAM ePerf for PID 3224455*****
time_S: 4.003375581
avgPower_W: 1.5655109621
energy_J: 6.2673283578
