****RAM ePerf for PID 362089*****
time_S: 13.009660489
avgPower_W: 1.5663939459
energy_J: 20.3782534284
