****RAM ePerf for PID 700270*****
time_S: 4.003495226
avgPower_W: 1.5709400081
energy_J: 6.2892508228
