****RAM ePerf for PID 3181129*****
time_S: 3.003164367
avgPower_W: 1.5706222082
energy_J: 4.7168366498
