****RAM ePerf for PID 3017794*****
time_S: 8.007557279
avgPower_W: 1.5630812903
energy_J: 12.5164629639
