****RAM ePerf for PID 3007359*****
time_S: 11.010794964
avgPower_W: 1.5649290885
energy_J: 17.2311133269
