****RAM ePerf for PID 1769847*****
time_S: 12.009400228
avgPower_W: 1.5658821311
energy_J: 18.8053052230
