****RAM ePerf for PID 1998951*****
time_S: 13.011919949
avgPower_W: 1.5631063596
energy_J: 20.3390148241
