****RAM ePerf for PID 819015*****
time_S: 4.005650022
avgPower_W: 1.5727225789
energy_J: 6.2997762328
