****RAM ePerf for PID 1645168*****
time_S: 11.020860382
avgPower_W: 1.5703707902
energy_J: 17.3068372270
