****RAM ePerf for PID 3082927*****
time_S: 10.014385426
avgPower_W: 1.5715141909
energy_J: 15.7377488107
