****RAM ePerf for PID 2824482*****
time_S: 1.001024368
avgPower_W: 1.5701303514
energy_J: 1.5717387427
