****RAM ePerf for PID 383194*****
time_S: 5.003910269
avgPower_W: 1.5712066649
energy_J: 7.8621771653
