****RAM ePerf for PID 3199492*****
time_S: 10.024741237
avgPower_W: 1.5668660939
energy_J: 15.7074271446
