****RAM ePerf for PID 1727703*****
time_S: 3.001488156
avgPower_W: 1.5740945221
energy_J: 4.7246260647
