****RAM ePerf for PID 3135898*****
time_S: 4.002542595
avgPower_W: 1.5695484184
energy_J: 6.2821843996
