****RAM ePerf for PID 1542830*****
time_S: 2.002152586
avgPower_W: 1.5685654357
energy_J: 3.1405073435
