****RAM ePerf for PID 2202510*****
time_S: 7.005742755
avgPower_W: 1.5709592245
energy_J: 11.0057362057
