****RAM ePerf for PID 3049580*****
time_S: 8.014562952
avgPower_W: 1.5680775931
energy_J: 12.5674565841
