****RAM ePerf for PID 820045*****
time_S: 5.003861281
avgPower_W: 1.5714314300
energy_J: 7.8632248887
