****RAM ePerf for PID 3172446*****
time_S: 10.009460044
avgPower_W: 1.5710203550
energy_J: 15.7250654726
