****RAM ePerf for PID 1151889*****
time_S: 10.008541584
avgPower_W: 1.5701498810
energy_J: 15.7149103775
