****RAM ePerf for PID 2932864*****
time_S: 14.020637638
avgPower_W: 1.5635221260
energy_J: 21.9215771678
