****RAM ePerf for PID 2999240*****
time_S: 7.009820388
avgPower_W: 1.5664865423
energy_J: 10.9807893023
