****RAM ePerf for PID 738725*****
time_S: 13.014087613
avgPower_W: 1.5701058523
energy_J: 20.4334951241
