****RAM ePerf for PID 2134890*****
time_S: 6.005576773
avgPower_W: 1.5704014060
energy_J: 9.4311662087
