****RAM ePerf for PID 3130378*****
time_S: 7.010711578
avgPower_W: 1.5647393929
energy_J: 10.9699365790
