****RAM ePerf for PID 2247061*****
time_S: 8.005602126
avgPower_W: 1.5704488236
energy_J: 12.5723884414
