****RAM ePerf for PID 2824439*****
time_S: 1317.461143911
avgPower_W: 1.5793980811
energy_J: 2080.7956026320
