****RAM ePerf for PID 2095067*****
time_S: 7.005747422
avgPower_W: 1.5695687690
energy_J: 10.9960023577
