****RAM ePerf for PID 749819*****
time_S: 2.001421784
avgPower_W: 1.5723792123
energy_J: 3.1469940083
