****RAM ePerf for PID 1828577*****
time_S: 20.012918602
avgPower_W: 1.5698992113
energy_J: 31.4182651299
