****RAM ePerf for PID 638207*****
time_S: 20.016502515
avgPower_W: 1.5674586961
energy_J: 31.3750409342
