****RAM ePerf for PID 1896661*****
time_S: 3.002500680
avgPower_W: 1.5727320129
energy_J: 4.7221289383
