****RAM ePerf for PID 598614*****
time_S: 13.013444227
avgPower_W: 1.5679003364
energy_J: 20.4037835823
