****RAM ePerf for PID 2426234*****
time_S: 7.006823565
avgPower_W: 1.5706064957
energy_J: 11.0049626057
