****RAM ePerf for PID 405581*****
time_S: 8.007320786
avgPower_W: 1.5698626700
energy_J: 12.5703939887
