****RAM ePerf for PID 2863421*****
time_S: 8.007676929
avgPower_W: 1.5637869461
energy_J: 12.5223006507
