****RAM ePerf for PID 1528160*****
time_S: 13.017333693
avgPower_W: 1.5699399586
energy_J: 20.4364323202
