****RAM ePerf for PID 197994*****
time_S: 11.008679227
avgPower_W: 1.5661873738
energy_J: 17.2416544083
