****RAM ePerf for PID 1858575*****
time_S: 3.013803203
avgPower_W: 1.5688738979
energy_J: 4.7282771788
