****RAM ePerf for PID 2880615*****
time_S: 3.002163884
avgPower_W: 1.5676092386
energy_J: 4.7062198406
