****RAM ePerf for PID 664938*****
time_S: 10.008096938
avgPower_W: 1.5706060239
energy_J: 15.7187773391
