****RAM ePerf for PID 1519479*****
time_S: 7.022305543
avgPower_W: 1.5708895225
energy_J: 11.0312662018
