****RAM ePerf for PID 216442*****
time_S: 13.015488939
avgPower_W: 1.5700455382
energy_J: 20.4349103373
