****RAM ePerf for PID 3067372*****
time_S: 8.007871214
avgPower_W: 1.5634641798
energy_J: 12.5200197999
