****RAM ePerf for PID 3183783*****
time_S: 7.008705646
avgPower_W: 1.5699281607
energy_J: 11.0031643640
