****RAM ePerf for PID 2833984*****
time_S: 9.008155406
avgPower_W: 1.5657654961
energy_J: 14.1046589187
