****RAM ePerf for PID 2050923*****
time_S: 8.010724758
avgPower_W: 1.5699209874
energy_J: 12.5762049219
