****RAM ePerf for PID 3156926*****
time_S: 4.004441731
avgPower_W: 1.5684891704
energy_J: 6.2809234887
