****RAM ePerf for PID 2941460*****
time_S: 8.008066972
avgPower_W: 1.5694382878
energy_J: 12.5681669179
