****RAM ePerf for PID 3104372*****
time_S: 7.007147701
avgPower_W: 1.5660892668
energy_J: 10.9738188061
