****RAM ePerf for PID 366060*****
time_S: 8.006518287
avgPower_W: 1.5692221364
energy_J: 12.5640057315
