****RAM ePerf for PID 1814040*****
time_S: 10.007143405
avgPower_W: 1.5703252339
energy_J: 15.7144698091
