****RAM ePerf for PID 3022409*****
time_S: 7.006271102
avgPower_W: 1.5701450616
energy_J: 11.0008619712
