****RAM ePerf for PID 2976617*****
time_S: 11.009378480
avgPower_W: 1.5651671568
energy_J: 17.2315176139
