****RAM ePerf for PID 3086155*****
time_S: 14.013564323
avgPower_W: 1.5708025628
energy_J: 22.0125427529
