****RAM ePerf for PID 669973*****
time_S: 8.007123000
avgPower_W: 1.5705797480
energy_J: 12.5758252242
