****RAM ePerf for PID 248853*****
time_S: 7.006340360
avgPower_W: 1.5713733661
energy_J: 11.0095766361
