****RAM ePerf for PID 903387*****
time_S: 8.009858794
avgPower_W: 1.5702426774
energy_J: 12.5774221187
