****RAM ePerf for PID 2089749*****
time_S: 13.018262357
avgPower_W: 1.5701547957
energy_J: 20.4406870723
