****RAM ePerf for PID 3106007*****
time_S: 7.005520998
avgPower_W: 1.5693037287
energy_J: 10.9937902241
