****SD ePerf for PID 3081380*****
time_S: 12
avgPower_W: 4.9454615778
energy_J: 59.3455389336
