****SD ePerf for PID 3138181*****
time_S: 6
avgPower_W: 17.4919720778
energy_J: 104.9518324668
