****SD ePerf for PID 2371967*****
time_S: 5
avgPower_W: 13.3843188125
energy_J: 66.9215940625
