****SD ePerf for PID 892787*****
time_S: 6
avgPower_W: 13.5825123875
energy_J: 81.4950743250
