****SD ePerf for PID 1506636*****
time_S: 11
avgPower_W: 17.5946904652
energy_J: 193.5415951172
