****SD ePerf for PID 3048714*****
time_S: 7
avgPower_W: 19.3409516562
energy_J: 135.3866615934
