****CPU ePerf for PID 3838851*****
time_S: 228
avgPower_W: 1.2468750000
energy_J: 284.2875000000
