****CPU ePerf for PID 3838079*****
time_S: 230
avgPower_W: 11.3853631284
energy_J: 2618.6335195320
