****CPU ePerf for PID 3848648*****
time_S: 179
avgPower_W: 3.6773333333
energy_J: 658.2426666607
