****RAM ePerf for PID 3848648*****
time_S: 180.251357403
avgPower_W: 1.9312156660
energy_J: 348.1042452400
