****RAM ePerf for PID 3838079*****
time_S: 231.234484219
avgPower_W: 8.8200430032
energy_J: 2039.4980946428
