****CPU ePerf for PID 1052121*****
time_S: 2657
avgPower_W: 21.7440119760
energy_J: 57773.8398202320
