****RAM ePerf for PID 1322771*****
time_S: 2109.707600833
avgPower_W: 10.4182832883
energy_J: 21979.5314411610
