****RAM ePerf for PID 1321908*****
time_S: 2113.666194862
avgPower_W: 10.3562440019
energy_J: 21889.6428527499
