****RAM ePerf for PID 366489*****
time_S: 1282.869919233
avgPower_W: 10.3879527770
energy_J: 13326.3921400992
