****RAM ePerf for PID 1051241*****
time_S: 2660.651315279
avgPower_W: 10.4997071797
energy_J: 27936.0597178104
