****RAM ePerf for PID 1052121*****
time_S: 2657.995623288
avgPower_W: 10.4930289813
energy_J: 27890.4251073824
