****RAM ePerf for PID 1321908*****
time_S: 2112.727871344
avgPower_W: 10.3547611592
energy_J: 21876.7925022710
