****CPU ePerf for PID 1853201*****
time_S: 4
avgPower_W: 3.2200000000
energy_J: 12.8800000000
