****CPU ePerf for PID 1853201*****
time_S: 7
avgPower_W: 5.1800000000
energy_J: 36.2600000000
