****CPU ePerf for PID 3256708*****
time_S: 24
avgPower_W: 1.4560000000
energy_J: 34.9440000000
