****CPU ePerf for PID 3256708*****
time_S: 28
avgPower_W: 2.2866666666
energy_J: 64.0266666648
