****CPU ePerf for PID 2593177*****
time_S: 18
avgPower_W: 1.6800000000
energy_J: 30.2400000000
