****CPU ePerf for PID 3854232*****
time_S: 4593
avgPower_W: 13.1892810457
energy_J: 60578.3678429001
