****RAM ePerf for PID 3853325*****
time_S: 4596.341581183
avgPower_W: 6.4895932845
energy_J: 29828.3874588237
