****RAM ePerf for PID 3854232*****
time_S: 4592.448399520
avgPower_W: 6.5121397271
energy_J: 29906.6656673158
