****RAM ePerf for PID 3853325*****
time_S: 4596.341581183
avgPower_W: 6.4985595234
energy_J: 29869.5993555054
