****CPU ePerf for PID 88594*****
time_S: 77
avgPower_W: 11.2046666666
energy_J: 862.7593333282
