****CPU ePerf for PID 100649*****
time_S: 287
avgPower_W: 10.8459192825
energy_J: 3112.7788340775
