****CPU ePerf for PID 3887209*****
time_S: 229
avgPower_W: 11.4839325842
energy_J: 2629.8205617818
