****CPU ePerf for PID 2732520*****
time_S: 68
avgPower_W: 3.3673684210
energy_J: 228.9810526280
