****RAM ePerf for PID 3887209*****
time_S: 230.305324724
avgPower_W: 8.8009474939
energy_J: 2026.9050704743
