****RAM ePerf for PID 3897881*****
time_S: 180.181236897
avgPower_W: 1.9319337756
energy_J: 348.0982172965
