****RAM ePerf for PID 1930661*****
time_S: 1286.157738444
avgPower_W: 12.3069795749
energy_J: 15828.7170172367
