****RAM ePerf for PID 531446*****
time_S: 681.668279027
avgPower_W: 12.6152941943
energy_J: 8599.4458829145
