****RAM ePerf for PID 1932802*****
time_S: 1266.379385516
avgPower_W: 12.2556856300
energy_J: 15520.3476372033
