****RAM ePerf for PID 1813072*****
time_S: 996.345563280
avgPower_W: 1.5612607867
energy_J: 1555.5552579874
