****RAM ePerf for PID 3828979*****
time_S: 10.011120293
avgPower_W: 1.5680331320
energy_J: 15.6977683081
