****RAM ePerf for PID 3562883*****
time_S: 11.015516013
avgPower_W: 1.5667493246
energy_J: 17.2585522742
