****RAM ePerf for PID 3663540*****
time_S: 11.009723339
avgPower_W: 1.5702099790
energy_J: 17.2875774540
