****RAM ePerf for PID 3777565*****
time_S: 13.013564264
avgPower_W: 1.5667283722
energy_J: 20.3887203570
