****RAM ePerf for PID 3757533*****
time_S: 13.015908701
avgPower_W: 1.5700294250
energy_J: 20.4353596549
