****RAM ePerf for PID 3890384*****
time_S: 13.016351304
avgPower_W: 1.5700455866
energy_J: 20.4362649189
