****RAM ePerf for PID 3936681*****
time_S: 15.018143450
avgPower_W: 1.5696714417
energy_J: 23.5735508823
