****RAM ePerf for PID 3070071*****
time_S: 38.036190134
avgPower_W: 1.5684660226
energy_J: 59.6584718579
