****RAM ePerf for PID 3808074*****
time_S: 9.006939945
avgPower_W: 1.5672293289
energy_J: 14.1159404461
