****RAM ePerf for PID 2665695*****
time_S: 8.007163517
avgPower_W: 1.5697449820
energy_J: 12.5692047509
