****RAM ePerf for PID 2392559*****
time_S: 12.011582472
avgPower_W: 1.5701296153
energy_J: 18.8597413663
