****RAM ePerf for PID 3446201*****
time_S: 16.017229490
avgPower_W: 1.5676191761
energy_J: 25.1089160969
