****RAM ePerf for PID 2831955*****
time_S: 13.012032595
avgPower_W: 1.5664738475
energy_J: 20.3830087633
