****RAM ePerf for PID 3700228*****
time_S: 9.007759138
avgPower_W: 1.5704720850
energy_J: 14.1464342747
