****RAM ePerf for PID 3512300*****
time_S: 20.015672206
avgPower_W: 1.5695451763
energy_J: 31.4155017633
