****RAM ePerf for PID 3769769*****
time_S: 7.022338997
avgPower_W: 1.5704647212
energy_J: 11.0283356557
