****RAM ePerf for PID 3892938*****
time_S: 7.010783537
avgPower_W: 1.5636170605
energy_J: 10.9621807464
