****RAM ePerf for PID 3265038*****
time_S: 1846.473352103
avgPower_W: 1.6339481922
energy_J: 3017.0417956831
