****RAM ePerf for PID 2582368*****
time_S: 7.006368926
avgPower_W: 1.5716602730
energy_J: 11.0116316995
