****RAM ePerf for PID 3572832*****
time_S: 11.010193719
avgPower_W: 1.5681097467
energy_J: 17.2651920845
