****RAM ePerf for PID 3597020*****
time_S: 7.010947241
avgPower_W: 1.5701386337
energy_J: 11.0081591223
