****RAM ePerf for PID 3297066*****
time_S: 58.063345239
avgPower_W: 1.5699669490
energy_J: 91.1575329759
