****RAM ePerf for PID 3071235*****
time_S: 20.017153710
avgPower_W: 1.5699111714
energy_J: 31.4251532298
