****RAM ePerf for PID 2584606*****
time_S: 4.003172218
avgPower_W: 1.5701220590
energy_J: 6.2854690057
