****RAM ePerf for PID 2567411*****
time_S: 7.006032897
avgPower_W: 1.5692234256
energy_J: 10.9940309431
