****RAM ePerf for PID 3494713*****
time_S: 14.011140106
avgPower_W: 1.5696600049
energy_J: 21.9927262485
