****RAM ePerf for PID 2368147*****
time_S: 9.007208309
avgPower_W: 1.5697221936
energy_J: 14.1388147859
