****RAM ePerf for PID 3296039*****
time_S: 10.009446255
avgPower_W: 1.5705631743
energy_J: 15.7204676833
