****RAM ePerf for PID 2591391*****
time_S: 14.012373803
avgPower_W: 1.5671999420
energy_J: 21.9601914118
