****RAM ePerf for PID 3265987*****
time_S: 1842.048234338
avgPower_W: 1.5775807708
energy_J: 2905.9798735475
