****RAM ePerf for PID 2949939*****
time_S: 7.006647045
avgPower_W: 1.5716575318
energy_J: 11.0120496010
