****RAM ePerf for PID 3344495*****
time_S: 7.010277252
avgPower_W: 1.5647971106
energy_J: 10.9696615887
