****RAM ePerf for PID 3769940*****
time_S: 12.009884344
avgPower_W: 1.5698667823
energy_J: 18.8539184915
