****RAM ePerf for PID 2479121*****
time_S: 6.004105557
avgPower_W: 1.5695383214
energy_J: 9.4236737578
