****RAM ePerf for PID 3470867*****
time_S: 5.003955771
avgPower_W: 1.5678789539
energy_J: 7.8455969399
