****RAM ePerf for PID 3473282*****
time_S: 10.008384514
avgPower_W: 1.5703998583
energy_J: 15.7171656231
