****RAM ePerf for PID 3892286*****
time_S: 20.018420351
avgPower_W: 1.5702286152
energy_J: 31.4334964675
