****RAM ePerf for PID 3905150*****
time_S: 11.026881167
avgPower_W: 1.5700424226
energy_J: 17.3126712215
