****RAM ePerf for PID 3387154*****
time_S: 13.015805555
avgPower_W: 1.5696219332
energy_J: 20.4298938784
