****RAM ePerf for PID 2474961*****
time_S: 13.011585198
avgPower_W: 1.5663623579
energy_J: 20.3808572708
