****RAM ePerf for PID 3024546*****
time_S: 11.009692364
avgPower_W: 1.5699831377
energy_J: 17.2850313630
