****RAM ePerf for PID 2371905*****
time_S: 7.006544970
avgPower_W: 1.5714776730
energy_J: 11.0106289858
