****RAM ePerf for PID 2877408*****
time_S: 5.003953438
avgPower_W: 1.5640401826
energy_J: 7.8263842490
