****RAM ePerf for PID 3608725*****
time_S: 11.010385927
avgPower_W: 1.5667470425
energy_J: 17.2504895886
