****RAM ePerf for PID 2723677*****
time_S: 5.004058679
avgPower_W: 1.5721597294
energy_J: 7.8671795391
