****RAM ePerf for PID 3627729*****
time_S: 17.041869416
avgPower_W: 1.5698920706
energy_J: 26.7538956660
