****RAM ePerf for PID 3025649*****
time_S: 14.010788326
avgPower_W: 1.5700834224
energy_J: 21.9981064867
