****RAM ePerf for PID 3661393*****
time_S: 18.018365433
avgPower_W: 1.5698608294
energy_J: 28.2863261034
