****RAM ePerf for PID 3040115*****
time_S: 5.004756351
avgPower_W: 1.5703899813
energy_J: 7.8594192328
