****RAM ePerf for PID 3768089*****
time_S: 13.013678316
avgPower_W: 1.5642080955
energy_J: 20.3561009745
