****RAM ePerf for PID 3846160*****
time_S: 8.008206441
avgPower_W: 1.5629077967
energy_J: 12.5160882843
