****RAM ePerf for PID 2440908*****
time_S: 10.007936208
avgPower_W: 1.5700202357
energy_J: 15.7126623651
