****RAM ePerf for PID 2264185*****
time_S: 7.006240108
avgPower_W: 1.5705396427
energy_J: 11.0035778364
