****RAM ePerf for PID 3383662*****
time_S: 7.006714334
avgPower_W: 1.5697301727
energy_J: 10.9986509018
