****RAM ePerf for PID 2860413*****
time_S: 10.009643448
avgPower_W: 1.5702163705
energy_J: 15.7173060053
