****RAM ePerf for PID 3544277*****
time_S: 33.039054543
avgPower_W: 1.5672238793
energy_J: 51.7795952320
