****RAM ePerf for PID 3265986*****
time_S: 1842.138346300
avgPower_W: 1.5760069855
energy_J: 2903.2229021718
