****RAM ePerf for PID 3669664*****
time_S: 9.037085957
avgPower_W: 1.5674780403
energy_J: 14.1654337867
