****RAM ePerf for PID 2568115*****
time_S: 10.011024364
avgPower_W: 1.5685739468
energy_J: 15.7030319982
