****RAM ePerf for PID 2974573*****
time_S: 9.005863697
avgPower_W: 1.5651808375
energy_J: 14.0958052843
