****RAM ePerf for PID 2275161*****
time_S: 4.005947674
avgPower_W: 1.5681209999
energy_J: 6.2818106725
