****RAM ePerf for PID 3829321*****
time_S: 16.028419354
avgPower_W: 1.5679450578
energy_J: 25.1316809118
