****RAM ePerf for PID 2509506*****
time_S: 3.002344757
avgPower_W: 1.5769182033
energy_J: 4.7344521001
