****RAM ePerf for PID 3602578*****
time_S: 9.013018086
avgPower_W: 1.5709082519
energy_J: 14.1586244867
