****RAM ePerf for PID 3717909*****
time_S: 5.005003261
avgPower_W: 1.5708890119
energy_J: 7.8623046275
