****RAM ePerf for PID 3726177*****
time_S: 8.007868273
avgPower_W: 1.5699576276
energy_J: 12.5720138765
