****RAM ePerf for PID 3691734*****
time_S: 8.005444380
avgPower_W: 1.5705575208
energy_J: 12.5730108784
