****RAM ePerf for PID 2978805*****
time_S: 9.007566284
avgPower_W: 1.5697609476
energy_J: 14.1397257857
