****RAM ePerf for PID 2829112*****
time_S: 7.006218168
avgPower_W: 1.5701792070
energy_J: 11.0010180874
