****RAM ePerf for PID 3307620*****
time_S: 5.004601529
avgPower_W: 1.5696162715
energy_J: 7.8553039923
