****RAM ePerf for PID 2903786*****
time_S: 37.031582731
avgPower_W: 1.5695948462
energy_J: 58.1245814013
