****RAM ePerf for PID 3450603*****
time_S: 3.002963476
avgPower_W: 1.5703584361
energy_J: 4.7157290281
