****RAM ePerf for PID 3935492*****
time_S: 9.008680345
avgPower_W: 1.5648292507
energy_J: 14.0970465145
