****RAM ePerf for PID 3477336*****
time_S: 9.014949885
avgPower_W: 1.5663773843
energy_J: 14.1208136211
