****RAM ePerf for PID 3322479*****
time_S: 9.008604064
avgPower_W: 1.5706111017
energy_J: 14.1490135542
