****RAM ePerf for PID 3832915*****
time_S: 7.003918662
avgPower_W: 1.5695980112
energy_J: 10.9933368027
