****RAM ePerf for PID 3394219*****
time_S: 10.010502925
avgPower_W: 1.5677125344
energy_J: 15.6935909121
