****RAM ePerf for PID 3965608*****
time_S: 9.017228800
avgPower_W: 1.5688935951
energy_J: 14.1470725101
