****RAM ePerf for PID 3418372*****
time_S: 15.020187104
avgPower_W: 1.5700986106
energy_J: 23.5831749030
