****RAM ePerf for PID 2607877*****
time_S: 55.042929799
avgPower_W: 1.5697716437
energy_J: 86.4048303859
