****RAM ePerf for PID 3363722*****
time_S: 11.012873172
avgPower_W: 1.5665955527
energy_J: 17.2527181348
