****RAM ePerf for PID 3036804*****
time_S: 9.006738830
avgPower_W: 1.5700776768
energy_J: 14.1412795783
