****RAM ePerf for PID 2362348*****
time_S: 8.006716020
avgPower_W: 1.5704199413
energy_J: 12.5739065023
