****RAM ePerf for PID 3485317*****
time_S: 13.015118564
avgPower_W: 1.5695042332
energy_J: 20.4272836818
