****RAM ePerf for PID 3845363*****
time_S: 8.009286717
avgPower_W: 1.5696587246
energy_J: 12.5718467732
