****RAM ePerf for PID 3868339*****
time_S: 4.018023141
avgPower_W: 1.5720983713
energy_J: 6.3167276361
