****RAM ePerf for PID 2885892*****
time_S: 8.007434449
avgPower_W: 1.5692947366
energy_J: 12.5660247349
