****RAM ePerf for PID 3397777*****
time_S: 10.004997311
avgPower_W: 1.5705683828
energy_J: 15.7135324469
