****RAM ePerf for PID 2225826*****
time_S: 1857.633932693
avgPower_W: 1.5755273515
energy_J: 2926.7530700548
