****RAM ePerf for PID 3817244*****
time_S: 34.052992885
avgPower_W: 1.5699187733
energy_J: 53.4604328193
