****RAM ePerf for PID 2505715*****
time_S: 27.025414031
avgPower_W: 1.5702657409
energy_J: 42.4370817888
