****RAM ePerf for PID 2308391*****
time_S: 9.006325395
avgPower_W: 1.5677145558
energy_J: 14.1193474168
