****RAM ePerf for PID 3552272*****
time_S: 15.018389381
avgPower_W: 1.5681237315
energy_J: 23.5506927975
