****RAM ePerf for PID 2759175*****
time_S: 12.009159711
avgPower_W: 1.5617119921
energy_J: 18.7548487367
