****RAM ePerf for PID 3069639*****
time_S: 10.009657155
avgPower_W: 1.5659349825
energy_J: 15.6744723019
