****RAM ePerf for PID 3838140*****
time_S: 686.017884347
avgPower_W: 1.5780776723
energy_J: 1082.5895061403
