****RAM ePerf for PID 3457265*****
time_S: 15.013348420
avgPower_W: 1.5696813465
energy_J: 23.5661729647
