****RAM ePerf for PID 3385063*****
time_S: 26.030650499
avgPower_W: 1.5684972176
energy_J: 40.8290028820
