****SD ePerf for PID 3272788*****
time_S: 6
avgPower_W: 13.0795323125
energy_J: 78.4771938750
