****CPU ePerf for PID 3560781*****
time_S: 528
avgPower_W: 11.6758771929
energy_J: 6164.8631578512
