****CPU ePerf for PID 3560781*****
time_S: 530
avgPower_W: 11.3166666666
energy_J: 5997.8333332980
