****RAM ePerf for PID 4000609*****
time_S: 329.389853772
avgPower_W: 8.5897618718
energy_J: 2829.3804069034
