****RAM ePerf for PID 3562294*****
time_S: 526.544502059
avgPower_W: 1.6113449851
energy_J: 848.4448428272
