****CPU ePerf for PID 3335652*****
time_S: 237
avgPower_W: 10.2820000000
energy_J: 2436.8340000000
