****CPU ePerf for PID 3337677*****
time_S: 231
avgPower_W: 1.1529411764
energy_J: 266.3294117484
