****CPU ePerf for PID 2639954*****
time_S: 58
avgPower_W: 2.2708000000
energy_J: 131.7064000000
