****RAM ePerf for PID 2639954*****
time_S: 60.096904162
avgPower_W: 1.8037955321
energy_J: 108.4025272224
