****RAM ePerf for PID 3335652*****
time_S: 236.240538362
avgPower_W: 8.5777569064
energy_J: 2026.4139095163
