****RAM ePerf for PID 900122*****
time_S: 371.525584953
avgPower_W: 1.5765951966
energy_J: 585.7454526643
