****RAM ePerf for PID 889495*****
time_S: 15.016211391
avgPower_W: 1.5698635810
energy_J: 23.5734033888
