****RAM ePerf for PID 989166*****
time_S: 13.012301083
avgPower_W: 1.5651852083
energy_J: 20.3666611818
