****RAM ePerf for PID 855971*****
time_S: 13.015817239
avgPower_W: 1.5663715500
energy_J: 20.3876058237
