****RAM ePerf for PID 812477*****
time_S: 8.007300853
avgPower_W: 1.5702894391
energy_J: 12.5737799656
