****RAM ePerf for PID 756350*****
time_S: 39.033591045
avgPower_W: 1.5699299571
energy_J: 61.2800039167
