****RAM ePerf for PID 755625*****
time_S: 400.613037260
avgPower_W: 1.6421098306
energy_J: 657.8506067859
