****RAM ePerf for PID 994636*****
time_S: 10.033285901
avgPower_W: 1.5697859377
energy_J: 15.7501111165
