****RAM ePerf for PID 900121*****
time_S: 371.613723708
avgPower_W: 1.5763533585
energy_J: 585.7945414521
