****RAM ePerf for PID 842528*****
time_S: 8.020231025
avgPower_W: 1.5702653463
energy_J: 12.5938908480
