****RAM ePerf for PID 809824*****
time_S: 7.007368711
avgPower_W: 1.5700505722
energy_J: 11.0019232550
