****RAM ePerf for PID 822604*****
time_S: 9.007335032
avgPower_W: 1.5704010459
energy_J: 14.1451283554
