****RAM ePerf for PID 922356*****
time_S: 6.004436917
avgPower_W: 1.5698480658
energy_J: 9.4260536804
