****RAM ePerf for PID 1007592*****
time_S: 12.009499167
avgPower_W: 1.5697090963
energy_J: 18.8514200846
