****CPU ePerf for PID 3385619*****
time_S: 19
avgPower_W: 1.8200000000
energy_J: 34.5800000000
