****CPU ePerf for PID 3385619*****
time_S: 24
avgPower_W: 2.7440000000
energy_J: 65.8560000000
