****CPU ePerf for PID 3826559*****
time_S: 23
avgPower_W: 2.8000000000
energy_J: 64.4000000000
