****CPU ePerf for PID 3826559*****
time_S: 18
avgPower_W: 1.6100000000
energy_J: 28.9800000000
