****RAM ePerf for PID 3385619*****
time_S: 17.025878974
avgPower_W: 2.1565136390
energy_J: 36.7165402240
