****RAM ePerf for PID 3385619*****
time_S: 22.035691543
avgPower_W: 2.0327353414
energy_J: 44.7927289726
