****RAM ePerf for PID 3826559*****
time_S: 21.037542558
avgPower_W: 2.0191962562
energy_J: 42.4789271739
