****RAM ePerf for PID 1381123*****
time_S: 318.767115202
avgPower_W: 1.5614942174
energy_J: 497.7530071149
