****RAM ePerf for PID 2654411*****
time_S: 22.021577272
avgPower_W: 1.5682368888
energy_J: 34.5350498281
