****RAM ePerf for PID 2964198*****
time_S: 16.015778537
avgPower_W: 1.5694281512
energy_J: 25.1356137006
