****RAM ePerf for PID 1771826*****
time_S: 27.020443375
avgPower_W: 1.5699782127
energy_J: 42.4215073968
