****RAM ePerf for PID 3638556*****
time_S: 7.006539814
avgPower_W: 1.5705043424
energy_J: 11.0038012032
