****RAM ePerf for PID 3103328*****
time_S: 7.009007759
avgPower_W: 1.5706445344
energy_J: 11.0086597283
