****RAM ePerf for PID 3610973*****
time_S: 3.003220999
avgPower_W: 1.5673790992
energy_J: 4.7071858243
