****RAM ePerf for PID 2095154*****
time_S: 11.009249695
avgPower_W: 1.5699247568
energy_J: 17.2836936505
