****RAM ePerf for PID 3194877*****
time_S: 14.011557088
avgPower_W: 1.5696034780
energy_J: 21.9925887380
