****RAM ePerf for PID 3031274*****
time_S: 6.005028550
avgPower_W: 1.5709451245
energy_J: 9.4335703236
