****RAM ePerf for PID 3528529*****
time_S: 24.025768018
avgPower_W: 1.5661839183
energy_J: 37.6287714967
