****RAM ePerf for PID 3408651*****
time_S: 39.048445327
avgPower_W: 1.5692349515
energy_J: 61.2761852121
