****RAM ePerf for PID 3546931*****
time_S: 19.056861137
avgPower_W: 1.5679544172
energy_J: 29.8802895978
