****RAM ePerf for PID 3428095*****
time_S: 4.003982701
avgPower_W: 1.5670755009
energy_J: 6.2745431971
