****RAM ePerf for PID 2643618*****
time_S: 12.011542054
avgPower_W: 1.5703781651
energy_J: 18.8626633713
