****RAM ePerf for PID 3143495*****
time_S: 8.007086181
avgPower_W: 1.5706713287
energy_J: 12.5765006916
