****RAM ePerf for PID 2185684*****
time_S: 22.021070299
avgPower_W: 1.5696376179
energy_J: 34.5651003283
