****RAM ePerf for PID 2893741*****
time_S: 3.002582179
avgPower_W: 1.5733940982
energy_J: 4.7242450800
