****RAM ePerf for PID 3005285*****
time_S: 8.007962609
avgPower_W: 1.5663322020
energy_J: 12.5431297070
