****RAM ePerf for PID 2671063*****
time_S: 8.008294875
avgPower_W: 1.5696092850
energy_J: 12.5698939932
