****RAM ePerf for PID 2072134*****
time_S: 9.007793932
avgPower_W: 1.5650252157
energy_J: 14.0974246417
