****RAM ePerf for PID 2018500*****
time_S: 11.010293789
avgPower_W: 1.5661452757
energy_J: 17.2437196020
