****RAM ePerf for PID 1665343*****
time_S: 4.002603687
avgPower_W: 1.5712531718
energy_J: 6.2891037390
