****RAM ePerf for PID 3024345*****
time_S: 56.046657087
avgPower_W: 1.5699656420
energy_J: 87.9913259772
