****RAM ePerf for PID 3216896*****
time_S: 9.005660618
avgPower_W: 1.5705076552
energy_J: 14.1434589415
