****RAM ePerf for PID 3089930*****
time_S: 2.002818639
avgPower_W: 1.5735356931
energy_J: 3.1515066153
