****RAM ePerf for PID 2523413*****
time_S: 8.029940815
avgPower_W: 1.5638341593
energy_J: 12.5574957443
