****RAM ePerf for PID 3236179*****
time_S: 18.018481869
avgPower_W: 1.5681989334
energy_J: 28.2565640486
