****RAM ePerf for PID 3022102*****
time_S: 8.007452844
avgPower_W: 1.5706288690
energy_J: 12.5767366046
