****RAM ePerf for PID 1936611*****
time_S: 8.006454652
avgPower_W: 1.5696157771
energy_J: 12.5670575406
