****RAM ePerf for PID 2088418*****
time_S: 4.003199544
avgPower_W: 1.5731394484
energy_J: 6.2975911226
