****RAM ePerf for PID 3438199*****
time_S: 4.023423954
avgPower_W: 1.5710444170
energy_J: 6.3209777403
