****RAM ePerf for PID 3637392*****
time_S: 7.007359332
avgPower_W: 1.5650110521
energy_J: 10.9665948010
