****RAM ePerf for PID 1284035*****
time_S: 9.008328890
avgPower_W: 1.5700644643
energy_J: 14.1436570730
