****RAM ePerf for PID 3587201*****
time_S: 9.014027294
avgPower_W: 1.5706498341
energy_J: 14.1578804747
