****RAM ePerf for PID 2562728*****
time_S: 14.013338051
avgPower_W: 1.5671349441
energy_J: 21.9607917436
