****RAM ePerf for PID 1884687*****
time_S: 9.008010921
avgPower_W: 1.5703791182
energy_J: 14.1459922472
