****RAM ePerf for PID 3593099*****
time_S: 12.012333145
avgPower_W: 1.5674665932
energy_J: 18.8289309118
