****RAM ePerf for PID 3417194*****
time_S: 7.008761868
avgPower_W: 1.5682565668
energy_J: 10.9915368250
