****RAM ePerf for PID 3486789*****
time_S: 4.003911268
avgPower_W: 1.5688472051
energy_J: 6.2815250026
