****RAM ePerf for PID 3138073*****
time_S: 10.009113116
avgPower_W: 1.5691225765
energy_J: 15.7055253612
