****RAM ePerf for PID 2521726*****
time_S: 10.010927537
avgPower_W: 1.5700109679
energy_J: 15.7172660328
