****RAM ePerf for PID 2498549*****
time_S: 7.002123742
avgPower_W: 1.5702075002
energy_J: 10.9947872171
