****RAM ePerf for PID 3154412*****
time_S: 5.006102215
avgPower_W: 1.5700353388
energy_J: 7.8597573875
