****RAM ePerf for PID 2949884*****
time_S: 26.023819167
avgPower_W: 1.5684230833
energy_J: 40.8163586978
