****RAM ePerf for PID 3099153*****
time_S: 14.043347148
avgPower_W: 1.5698836470
energy_J: 22.0464210368
