****RAM ePerf for PID 1962480*****
time_S: 9.013091901
avgPower_W: 1.5655540771
energy_J: 14.1104827735
