****RAM ePerf for PID 3457478*****
time_S: 17.014882984
avgPower_W: 1.5651488953
energy_J: 26.6308253066
