****RAM ePerf for PID 1866632*****
time_S: 16.015306029
avgPower_W: 1.5698150899
energy_J: 25.1410690746
