****RAM ePerf for PID 1741679*****
time_S: 7.007203031
avgPower_W: 1.5705186259
energy_J: 11.0049428757
