****RAM ePerf for PID 1987635*****
time_S: 11.009555335
avgPower_W: 1.5696747140
energy_J: 17.2814206221
