****RAM ePerf for PID 3168500*****
time_S: 8.006228838
avgPower_W: 1.5706461332
energy_J: 12.5749523660
