****RAM ePerf for PID 3014312*****
time_S: 12.010908399
avgPower_W: 1.5709108161
energy_J: 18.8680659154
