****RAM ePerf for PID 3569027*****
time_S: 7.006301651
avgPower_W: 1.5629146128
energy_J: 10.9502512324
