****RAM ePerf for PID 2884965*****
time_S: 7.006917882
avgPower_W: 1.5708513972
energy_J: 11.0068267456
