****RAM ePerf for PID 3620826*****
time_S: 8.007457367
avgPower_W: 1.5706596421
energy_J: 12.5769901229
