****RAM ePerf for PID 3482170*****
time_S: 11.013745761
avgPower_W: 1.5716419264
energy_J: 17.3096646047
