****RAM ePerf for PID 2872803*****
time_S: 7.006036679
avgPower_W: 1.5702299133
energy_J: 11.0010883671
