****RAM ePerf for PID 2126855*****
time_S: 8.007773172
avgPower_W: 1.5698758508
energy_J: 12.5712097222
