****RAM ePerf for PID 3385407*****
time_S: 12.052087139
avgPower_W: 1.5674036240
energy_J: 18.8904850587
