****RAM ePerf for PID 1610827*****
time_S: 8.005952685
avgPower_W: 1.5700646303
energy_J: 12.5698631433
