****RAM ePerf for PID 3591777*****
time_S: 2.001957547
avgPower_W: 1.5660400833
energy_J: 3.1351457638
