****RAM ePerf for PID 2503709*****
time_S: 10.015361549
avgPower_W: 1.5650803724
energy_J: 15.6748457833
