****RAM ePerf for PID 3654727*****
time_S: 24.052054570
avgPower_W: 1.5697731636
energy_J: 37.7562697939
