****RAM ePerf for PID 2100977*****
time_S: 9.008462379
avgPower_W: 1.5698031953
energy_J: 14.1415130274
