****RAM ePerf for PID 3619746*****
time_S: 4.012160333
avgPower_W: 1.5658181894
energy_J: 6.2823136284
