****RAM ePerf for PID 2861010*****
time_S: 9.013660984
avgPower_W: 1.5701091267
energy_J: 14.1524313767
