****RAM ePerf for PID 2624631*****
time_S: 13.010681112
avgPower_W: 1.5673429759
energy_J: 20.3921996526
