****RAM ePerf for PID 1906802*****
time_S: 15.013402319
avgPower_W: 1.5668488675
energy_J: 23.5237324211
