****RAM ePerf for PID 3070291*****
time_S: 37.037056462
avgPower_W: 1.5698759107
energy_J: 58.1435827455
