****RAM ePerf for PID 3650409*****
time_S: 5.004808792
avgPower_W: 1.5773197246
energy_J: 7.8941836256
