****RAM ePerf for PID 3509087*****
time_S: 12.034676449
avgPower_W: 1.5660599474
energy_J: 18.8470247674
