****RAM ePerf for PID 2078109*****
time_S: 8.008006040
avgPower_W: 1.5702901312
energy_J: 12.5748928553
