****RAM ePerf for PID 3592239*****
time_S: 8.022375164
avgPower_W: 1.5650131887
energy_J: 12.5551229364
