****RAM ePerf for PID 2818856*****
time_S: 11.012600395
avgPower_W: 1.5700934263
energy_J: 17.2908114874
