****RAM ePerf for PID 3191325*****
time_S: 7.004486338
avgPower_W: 1.5696539571
energy_J: 10.9946196980
