****RAM ePerf for PID 3606258*****
time_S: 5.032772705
avgPower_W: 1.5694908804
energy_J: 7.8988908637
