****RAM ePerf for PID 3486425*****
time_S: 3.002743812
avgPower_W: 1.5689790904
energy_J: 4.7112422550
