****RAM ePerf for PID 3459568*****
time_S: 16.013710720
avgPower_W: 1.5650115898
energy_J: 25.0616428735
