****RAM ePerf for PID 1354692*****
time_S: 10.006663992
avgPower_W: 1.5696183689
energy_J: 15.7066436138
