****RAM ePerf for PID 2476421*****
time_S: 2.002383059
avgPower_W: 1.5720884967
energy_J: 3.1479233732
