****RAM ePerf for PID 1712557*****
time_S: 33.031795321
avgPower_W: 1.5696339211
energy_J: 51.8478264116
