****RAM ePerf for PID 3486274*****
time_S: 6.006466428
avgPower_W: 1.5720512930
energy_J: 9.4424733148
