****RAM ePerf for PID 3581409*****
time_S: 11.011697688
avgPower_W: 1.5682029978
energy_J: 17.2685773262
