****RAM ePerf for PID 3382685*****
time_S: 10.032744234
avgPower_W: 1.5647485997
energy_J: 15.6987224921
