****RAM ePerf for PID 1588634*****
time_S: 15.013520355
avgPower_W: 1.5671446555
energy_J: 23.5283581855
