****RAM ePerf for PID 3256387*****
time_S: 13.010678947
avgPower_W: 1.5705668570
energy_J: 20.4341411419
