****RAM ePerf for PID 3006401*****
time_S: 9.007934546
avgPower_W: 1.5704228929
energy_J: 14.1462666293
