****RAM ePerf for PID 2185023*****
time_S: 4.004006678
avgPower_W: 1.5711511106
energy_J: 6.2908995391
