****RAM ePerf for PID 1338442*****
time_S: 11.009750281
avgPower_W: 1.5695566349
energy_J: 17.2804266024
