****RAM ePerf for PID 3558921*****
time_S: 8.006399824
avgPower_W: 1.5632629433
energy_J: 12.5161081546
