****RAM ePerf for PID 2547503*****
time_S: 6.005958665
avgPower_W: 1.5699889463
energy_J: 9.4292887160
