****RAM ePerf for PID 1619919*****
time_S: 8.007839438
avgPower_W: 1.5694516682
energy_J: 12.5679169652
