****RAM ePerf for PID 3388141*****
time_S: 3.042975299
avgPower_W: 1.5710517570
energy_J: 4.7806716901
