****RAM ePerf for PID 3000782*****
time_S: 16.017642221
avgPower_W: 1.5698750170
energy_J: 25.1456963552
