****RAM ePerf for PID 2081490*****
time_S: 10.007535697
avgPower_W: 1.5695232055
energy_J: 15.7070595064
