****RAM ePerf for PID 3638752*****
time_S: 7.059312208
avgPower_W: 1.5702399572
energy_J: 11.0848140999
