****SD ePerf for PID 2738613*****
time_S: 8
avgPower_W: 12.2403720875
energy_J: 97.9229767000
