****SD ePerf for PID 2738234*****
time_S: 9
avgPower_W: 12.2403720875
energy_J: 110.1633487875
