****RAM ePerf for PID 67550*****
time_S: 4.004185427
avgPower_W: 1.5697028188
energy_J: 6.2853811518
