****RAM ePerf for PID 258141*****
time_S: 4.003356874
avgPower_W: 1.5715822512
energy_J: 6.2916046084
