****RAM ePerf for PID 25074*****
time_S: 1.000211359
avgPower_W: 1.5721125987
energy_J: 1.5724448789
