****RAM ePerf for PID 23214*****
time_S: 1.001023646
avgPower_W: 1.5715130865
energy_J: 1.5731217596
