****RAM ePerf for PID 49149*****
time_S: 7.007117872
avgPower_W: 1.5644059388
energy_J: 10.9619768131
