****RAM ePerf for PID 102050*****
time_S: 11.011869392
avgPower_W: 1.5615208565
energy_J: 17.1952637249
