****RAM ePerf for PID 87779*****
time_S: 13.012717528
avgPower_W: 1.5623647197
energy_J: 20.3306107732
