****RAM ePerf for PID 64922*****
time_S: 9.009347683
avgPower_W: 1.5642255810
energy_J: 14.0926521147
