****RAM ePerf for PID 402826*****
time_S: 17.015769307
avgPower_W: 1.5696311859
energy_J: 26.7084821572
