****RAM ePerf for PID 71036*****
time_S: 9.009444128
avgPower_W: 1.5708741364
energy_J: 14.1527027647
