****RAM ePerf for PID 467846*****
time_S: 27.024530913
avgPower_W: 1.5645051094
energy_J: 42.2800166939
