****RAM ePerf for PID 63030*****
time_S: 3.002765546
avgPower_W: 1.5730913437
energy_J: 4.7236244876
