****RAM ePerf for PID 64442*****
time_S: 3.002608425
avgPower_W: 1.5708384235
energy_J: 4.7166126849
