****RAM ePerf for PID 176685*****
time_S: 1427.149065612
avgPower_W: 1.5775831477
energy_J: 2251.4463151674
