****SD ePerf for PID 64922*****
time_S: 10
avgPower_W: 3.6228700625
energy_J: 36.2287006250
