****SD ePerf for PID 204954*****
time_S: 45
avgPower_W: 7.3031539350
energy_J: 328.6419270750
