****RAM ePerf for PID 971036*****
time_S: 11.015236482
avgPower_W: 1.5699660462
energy_J: 17.2935472684
