****RAM ePerf for PID 1116831*****
time_S: 4.018533309
avgPower_W: 1.5709637060
energy_J: 6.3129699800
