****RAM ePerf for PID 1037095*****
time_S: 2.002499379
avgPower_W: 1.5680974366
energy_J: 3.1401141432
