****RAM ePerf for PID 405036*****
time_S: 6.005702061
avgPower_W: 1.5721753152
energy_J: 9.4420165313
