****RAM ePerf for PID 1041730*****
time_S: 6.005763438
avgPower_W: 1.5695308023
energy_J: 9.4262307077
