****RAM ePerf for PID 1076770*****
time_S: 4.003443126
avgPower_W: 1.5702071582
energy_J: 6.2862350542
