****CPU ePerf for PID 131257*****
time_S: 76
avgPower_W: 2.5593750000
energy_J: 194.5125000000
