****CPU ePerf for PID 257302*****
time_S: 283
avgPower_W: 10.8945454545
energy_J: 3083.1563636235
