****CPU ePerf for PID 130366*****
time_S: 79
avgPower_W: 12.1664516129
energy_J: 961.1496774191
