****RAM ePerf for PID 131036*****
time_S: 78.074143969
avgPower_W: 9.3250821774
energy_J: 728.0478084452
