****RAM ePerf for PID 49305*****
time_S: 282.247102080
avgPower_W: 1.6401635395
energy_J: 462.9314059885
