****CPU ePerf for PID 2939167*****
time_S: 231
avgPower_W: 1.1436923076
energy_J: 264.1929230556
