****CPU ePerf for PID 2938334*****
time_S: 232
avgPower_W: 11.0948108108
energy_J: 2573.9961081056
