****CPU ePerf for PID 4053858*****
time_S: 235
avgPower_W: 1.2480402010
energy_J: 293.2894472350
