****RAM ePerf for PID 4053858*****
time_S: 236.333252198
avgPower_W: 1.6245420365
energy_J: 383.9333028269
