****RAM ePerf for PID 1529405*****
time_S: 17.016730333
avgPower_W: 1.5663787337
energy_J: 26.6546445123
