****RAM ePerf for PID 1557064*****
time_S: 9.013834358
avgPower_W: 1.5660683238
energy_J: 14.1162804642
