****RAM ePerf for PID 127899*****
time_S: 7.005970239
avgPower_W: 1.5700943351
energy_J: 11.0000341842
