****RAM ePerf for PID 93086*****
time_S: 7.005217720
avgPower_W: 1.5698953282
energy_J: 10.9974585721
