****RAM ePerf for PID 1582676*****
time_S: 4.003623518
avgPower_W: 1.5719205467
energy_J: 6.2933780692
