****RAM ePerf for PID 218446*****
time_S: 7.006805283
avgPower_W: 1.5697288866
energy_J: 10.9987846560
