****RAM ePerf for PID 330706*****
time_S: 10.007076078
avgPower_W: 1.5691860077
energy_J: 15.7029637597
