****RAM ePerf for PID 124028*****
time_S: 13.010203706
avgPower_W: 1.5668681465
energy_J: 20.3852737671
