****RAM ePerf for PID 234403*****
time_S: 20.017384347
avgPower_W: 1.5680275149
energy_J: 31.3878094336
