****RAM ePerf for PID 431351*****
time_S: 7.012414198
avgPower_W: 1.5692273917
energy_J: 11.0040724415
