****RAM ePerf for PID 42484*****
time_S: 14.012511861
avgPower_W: 1.5683628830
energy_J: 21.9767035010
