****RAM ePerf for PID 6342*****
time_S: 5.004180488
avgPower_W: 1.5716065009
energy_J: 7.8646025870
