****RAM ePerf for PID 4175998*****
time_S: 3.003062080
avgPower_W: 1.5713695869
energy_J: 4.7189204203
