****RAM ePerf for PID 112051*****
time_S: 15.018776412
avgPower_W: 1.5678237502
energy_J: 23.5467943590
