****RAM ePerf for PID 107779*****
time_S: 11.012847756
avgPower_W: 1.5704568343
energy_J: 17.2952020239
