****RAM ePerf for PID 65456*****
time_S: 1105.308623074
avgPower_W: 1.5769833974
energy_J: 1743.0533476618
