****RAM ePerf for PID 235057*****
time_S: 8.010002989
avgPower_W: 1.5656237636
energy_J: 12.5406510261
