****RAM ePerf for PID 411247*****
time_S: 11.011592172
avgPower_W: 1.5705681601
energy_J: 17.2944560581
