****RAM ePerf for PID 165050*****
time_S: 10.010072100
avgPower_W: 1.5701011860
energy_J: 15.7168260771
