****RAM ePerf for PID 342626*****
time_S: 7.006942652
avgPower_W: 1.5700737723
energy_J: 11.0014168821
