****RAM ePerf for PID 4181172*****
time_S: 2.001194458
avgPower_W: 1.5716483547
energy_J: 3.1451739774
