****RAM ePerf for PID 65454*****
time_S: 1105.339585297
avgPower_W: 1.5758073278
energy_J: 1741.8022182238
