****RAM ePerf for PID 65891*****
time_S: 12.010317338
avgPower_W: 1.5677615451
energy_J: 18.8293136678
