****RAM ePerf for PID 254225*****
time_S: 29.030855081
avgPower_W: 1.5698289656
energy_J: 45.5734772046
