****RAM ePerf for PID 65455*****
time_S: 1105.415044409
avgPower_W: 1.5767497504
energy_J: 1742.9628953615
