****RAM ePerf for PID 1530423*****
time_S: 10.026340433
avgPower_W: 1.5680730741
energy_J: 15.7220344656
