****RAM ePerf for PID 268280*****
time_S: 20.041522469
avgPower_W: 1.5698454986
energy_J: 31.4620938350
