****RAM ePerf for PID 368504*****
time_S: 13.012033654
avgPower_W: 1.5672257719
energy_J: 20.3927944875
