****RAM ePerf for PID 374989*****
time_S: 13.010643955
avgPower_W: 1.5705824109
energy_J: 20.4342885505
