****RAM ePerf for PID 1495159*****
time_S: 387.637008077
avgPower_W: 1.5781227796
energy_J: 611.7387926643
