****RAM ePerf for PID 403032*****
time_S: 17.026786822
avgPower_W: 1.5700173009
energy_J: 26.7323498893
