****RAM ePerf for PID 24364*****
time_S: 11.010880584
avgPower_W: 1.5698324956
energy_J: 17.2852381466
