****RAM ePerf for PID 105558*****
time_S: 11.011275107
avgPower_W: 1.5658366336
energy_J: 17.2418579452
