****RAM ePerf for PID 1417715*****
time_S: 1397.400006730
avgPower_W: 1.8244792158
energy_J: 2549.5272684808
