****RAM ePerf for PID 188482*****
time_S: 11.011816089
avgPower_W: 1.5680174753
energy_J: 17.2667200629
