****RAM ePerf for PID 65024*****
time_S: 1108.502591387
avgPower_W: 1.6359669639
energy_J: 1813.4736190044
