****RAM ePerf for PID 312577*****
time_S: 7.015199930
avgPower_W: 1.5692690195
energy_J: 11.0087359162
