****RAM ePerf for PID 1635718*****
time_S: 2.001940219
avgPower_W: 1.5680334336
energy_J: 3.1391091956
