****RAM ePerf for PID 368737*****
time_S: 9.019078053
avgPower_W: 1.5671929450
energy_J: 14.1346354957
