****RAM ePerf for PID 349302*****
time_S: 13.011792968
avgPower_W: 1.5670374284
energy_J: 20.3899665919
