****RAM ePerf for PID 65453*****
time_S: 1105.410227308
avgPower_W: 1.5763041706
energy_J: 1742.4627515415
