****RAM ePerf for PID 1495160*****
time_S: 387.563376368
avgPower_W: 1.5807363180
energy_J: 612.6355045561
