****RAM ePerf for PID 65451*****
time_S: 1105.556055464
avgPower_W: 1.5600484221
energy_J: 1724.7209799285
