****CPU ePerf for PID 3844292*****
time_S: 17
avgPower_W: 1.3650000000
energy_J: 23.2050000000
