****CPU ePerf for PID 3404328*****
time_S: 24
avgPower_W: 2.9120000000
energy_J: 69.8880000000
