****RAM ePerf for PID 3404328*****
time_S: 17.027526374
avgPower_W: 2.1620852173
energy_J: 36.8149630618
