****RAM ePerf for PID 3844292*****
time_S: 16.028433613
avgPower_W: 2.1504841446
energy_J: 34.4688923477
