****RAM ePerf for PID 3844292*****
time_S: 16.028433613
avgPower_W: 2.1718681530
energy_J: 34.8116445077
