****RAM ePerf for PID 3404328*****
time_S: 21.031847289
avgPower_W: 2.0564782052
energy_J: 43.2515355660
