****CPU ePerf for PID 101881*****
time_S: 78
avgPower_W: 11.9665573770
energy_J: 933.3914754060
