****RAM ePerf for PID 101881*****
time_S: 77.116958608
avgPower_W: 9.4950113635
energy_J: 732.2263983063
