****CPU ePerf for PID 1679954*****
time_S: 6
avgPower_W: 4.4240000000
energy_J: 26.5440000000
