****CPU ePerf for PID 1738495*****
time_S: 246
avgPower_W: 2.5853333333
energy_J: 635.9919999918
