****RAM ePerf for PID 1575763*****
time_S: 244.634201135
avgPower_W: 1.5623347753
energy_J: 382.2005196624
